GITM2 log file
## Inputs from UAM.in
# Resart= F
# Eddy coef:    50.000 Eddy P0:     0.010 Eddy P1:     0.005
# Statistical Models Only:  F Apex:  T
# EUV Data:  TFile: 
UA/DataIn/FISM/fismflux_daily_2023.dat                                                                                                                                                                                                                                                                                                                                                                                                                                                                                                                                                                                  
# AMIE: none           
none                                                                                                                                                                                                                                                                                                                                                                                                                                                                                                                                                                                                                    
# Solar Heating:  T Joule Heating:  T Auroral Heating:  T
# NO Cooling:  T O Cooling:  T
# Conduction:  T Turbulent Conduction:  T
# Pressure Grad:  T Ion Drag:  T Neutral Drag:  T
# Viscosity:  T Coriolis:  T Gravity:  T
# Ion Chemistry:  T Ion Advection:  T Neutral Chemistry:  T
 
#START
   iStep yyyy mm dd hh mm ss  ms      dt min(T) max(T) mean(T) min(VV) max(VV) mean(VV) F107 F107A By Bz Vx HP HPn HPs SubsolarLon SubsolarLat SubsolarVTEC
       2 2023  7  7  0  0  2 445  2.4451    158.58661   1327.03774   1004.57155     -5.14299      7.95104     -0.25212    166.8    172.6     -3.6      6.2    433.7     68.6    158.5    183.3   3.14141   0.39509  41.46278
       3 2023  7  7  0  0  4 488  2.0437    158.74890   1327.03507   1004.60298     -7.95098     12.11906     -0.36644    166.8    172.6     -3.6      6.2    433.7     68.7    158.5    183.3   3.14127   0.39509  41.47225
       4 2023  7  7  0  0  6 531  2.0424    158.94116   1327.04276   1004.63991     -8.84590     13.15504     -0.44383    166.8    172.6     -3.6      6.2    433.7     68.8    158.5    183.3   3.14112   0.39509  41.50000
       5 2023  7  7  0  0  8 572  2.0409    159.10439   1327.04983   1004.67942     -8.00745     11.30331     -0.51883    166.8    172.6     -3.6      6.2    433.7     68.8    158.5    183.3   3.14097   0.39509  41.53218
       6 2023  7  7  0  0 10 611  2.0394    159.19656   1327.05486   1004.72058     -7.00927      9.21911     -0.60392    166.8    172.6     -3.7      6.2    433.7     68.9    158.5    183.3   3.14082   0.39509  41.56373
       7 2023  7  7  0  0 12 649  2.0379    159.18644   1327.05742   1004.76292     -7.53125      9.58194     -0.69462    166.8    172.6     -3.7      6.2    433.7     68.9    158.5    183.3   3.14067   0.39509  41.59388
       8 2023  7  7  0  0 14 685  2.0365    159.12802   1327.05759   1004.80621     -7.83494      9.53540     -0.78159    166.8    172.6     -3.7      6.2    433.7     69.0    158.5    183.3   3.14052   0.39509  41.62121
       9 2023  7  7  0  0 16 720  2.0350    159.03522   1327.05561   1004.85026     -8.75714     10.29320     -0.85948    166.8    172.6     -3.8      6.2    433.7     69.1    158.5    183.3   3.14038   0.39509  41.64623
      10 2023  7  7  0  0 18 754  2.0336    158.88011   1327.05172   1004.89493     -9.23020     10.35167     -0.92536    166.8    172.6     -3.8      6.2    433.7     69.1    158.5    183.3   3.14023   0.39509  41.66823
      11 2023  7  7  0  0 20 786  2.0319    158.69606   1327.04615   1004.94013     -9.25456     10.14726     -0.97871    166.8    172.6     -3.8      6.2    433.7     69.2    158.5    183.3   3.14008   0.39509  41.68792
      12 2023  7  7  0  0 22 817  2.0307    158.53729   1327.03903   1004.98579     -9.40361     11.06271     -1.02420    166.8    172.6     -3.8      6.2    433.7     69.2    158.5    183.3   3.13993   0.39509  41.70494
      13 2023  7  7  0  0 24 847  2.0307    158.44809   1327.03051   1005.03181    -10.23441     11.36538     -1.06909    166.8    172.6     -3.9      6.2    433.7     69.3    158.5    183.3   3.13979   0.39509  41.71986
      14 2023  7  7  0  0 26 878  2.0306    158.42776   1327.02081   1005.07811    -10.65991     12.03175     -1.11760    166.8    172.6     -3.9      6.2    433.7     69.4    158.5    183.3   3.13964   0.39509  41.73247
      15 2023  7  7  0  0 28 908  2.0305    158.43312   1327.01014   1005.12463    -11.25127     12.58123     -1.17120    166.8    172.6     -3.9      6.2    433.7     69.4    158.5    183.3   3.13949   0.39509  41.74341
      16 2023  7  7  0  0 30 939  2.0304    158.44827   1326.99877   1005.17135    -11.91519     12.50784     -1.23178    166.8    172.6     -4.0      6.2    433.7     69.5    158.5    183.3   3.13934   0.39509  41.75232
      17 2023  7  7  0  0 32 969  2.0303    158.46441   1326.98703   1005.21823    -12.21844     13.49848     -1.30022    166.8    172.6     -4.0      6.2    433.7     69.6    158.5    183.3   3.13920   0.39509  41.75989
      18 2023  7  7  0  0 34 999  2.0303    158.47314   1326.97524   1005.26526    -12.23510     14.21110     -1.37559    166.8    172.6     -4.0      6.2    433.7     69.6    158.5    183.3   3.13905   0.39509  41.76574
      19 2023  7  7  0  0 37  29  2.0302    158.46479   1326.96373   1005.31242    -13.21163     14.37855     -1.45252    166.8    172.6     -4.0      6.2    433.7     69.7    158.5    183.3   3.13890   0.39509  41.77053
      20 2023  7  7  0  0 39  60  2.0301    158.40711   1326.95278   1005.35973    -13.81786     15.61936     -1.52406    166.8    172.6     -4.1      6.2    433.7     69.7    158.5    183.3   3.13875   0.39509  41.77396
      21 2023  7  7  0  0 41  90  2.0300    158.30261   1326.94263   1005.40718    -14.43622     16.16344     -1.58585    166.8    172.6     -4.1      6.2    433.7     69.8    158.5    183.3   3.13860   0.39509  41.77651
      22 2023  7  7  0  0 43 119  2.0299    158.17263   1326.93339   1005.45476    -15.45744     16.05658     -1.63826    166.8    172.6     -4.1      6.2    433.7     69.9    158.5    183.3   3.13846   0.39509  41.77794
      23 2023  7  7  0  0 45 149  2.0298    158.05730   1326.92505   1005.50243    -16.11008     17.40276     -1.68530    166.8    172.6     -4.2      6.2    433.7     69.9    158.5    183.3   3.13831   0.39509  41.77871
      24 2023  7  7  0  0 47 179  2.0297    157.98642   1326.91752   1005.55013    -16.36593     18.15132     -1.73174    166.8    172.6     -4.2      6.2    433.7     70.0    158.5    183.3   3.13816   0.39509  41.77856
      25 2023  7  7  0  0 49 209  2.0297    157.97111   1326.91067   1005.59784    -16.67290     18.21121     -1.78127    166.8    172.6     -4.2      6.2    433.7     70.0    158.5    183.3   3.13801   0.39509  41.77792
      26 2023  7  7  0  0 51 238  2.0296    157.98244   1326.90441   1005.64551    -17.76697     19.45593     -1.83568    166.8    172.6     -4.2      6.2    433.7     70.1    158.5    183.3   3.13787   0.39509  41.77653
      27 2023  7  7  0  0 53 268  2.0295    158.00687   1326.89870   1005.69314    -18.48609     20.38319     -1.89594    166.8    172.6     -4.3      6.2    433.7     70.2    158.5    183.3   3.13772   0.39509  41.77480
      28 2023  7  7  0  0 55 297  2.0294    158.04793   1326.89360   1005.74071    -19.14744     20.56171     -1.96069    166.8    172.6     -4.3      6.2    433.7     70.2    158.5    183.3   3.13757   0.39509  41.77246
      29 2023  7  7  0  0 57 327  2.0293    158.08802   1326.88917   1005.78821    -20.41214     20.87791     -2.02749    166.8    172.6     -4.3      6.2    433.7     70.3    158.5    183.3   3.13742   0.39509  41.76987
      30 2023  7  7  0  0 59 356  2.0292    158.10840   1326.88551   1005.83565    -21.27104     22.31292     -2.09287    166.8    172.6     -4.4      6.2    433.7     70.3    158.5    183.3   3.13728   0.39509  41.76680
      31 2023  7  7  0  1  1 385  2.0292    158.10823   1326.88273   1005.88303    -21.66178     22.99308     -2.15403    166.8    172.6     -4.4      6.2    433.7     70.4    158.5    183.3   3.13713   0.39509  41.76357
      32 2023  7  7  0  1  3 414  2.0291    158.07218   1326.88087   1005.93033    -21.62540     22.92299     -2.20966    166.8    172.6     -4.4      6.1    433.7     70.5    158.5    183.3   3.13698   0.39509  41.75996
      33 2023  7  7  0  1  5 400  1.9855    158.00477   1326.88016   1005.97656    -23.11785     23.81153     -2.26111    166.8    172.6     -4.4      6.1    433.7     70.5    158.5    183.3   3.13684   0.39509  41.75635
      34 2023  7  7  0  1  7 385  1.9854    157.92790   1326.88028   1006.02288    -24.22807     25.13736     -2.30882    166.8    172.6     -4.5      6.1    433.7     70.6    158.5    183.3   3.13669   0.39509  41.75243
      35 2023  7  7  0  1  9 370  1.9854    157.86245   1326.88115   1006.06908    -24.84820     25.71167     -2.35525    166.8    172.6     -4.5      6.1    433.7     70.7    158.5    183.3   3.13655   0.39509  41.74850
      36 2023  7  7  0  1 11 356  1.9853    157.82615   1326.88267   1006.11514    -25.61092     25.64238     -2.40245    166.8    172.6     -4.5      6.1    433.7     70.7    158.5    183.3   3.13640   0.39509  41.74431
      37 2023  7  7  0  1 13 341  1.9852    157.82455   1326.88472   1006.16103    -27.08818     26.14190     -2.45201    166.8    172.6     -4.6      6.1    433.7     70.8    158.5    183.3   3.13626   0.39509  41.74015
      38 2023  7  7  0  1 15 326  1.9852    157.84089   1326.88722   1006.20675    -28.12532     27.72891     -2.50380    166.8    172.6     -4.6      6.0    433.7     70.9    158.5    183.3   3.13611   0.39509  41.73580
      39 2023  7  7  0  1 17 311  1.9851    157.88528   1326.89014   1006.25228    -28.61970     28.56986     -2.55788    166.8    172.6     -4.6      6.0    433.7     70.9    158.5    183.3   3.13597   0.39509  41.73150
      40 2023  7  7  0  1 19 296  1.9850    157.94956   1326.89347   1006.29763    -28.53885     28.80833     -2.61209    166.8    172.6     -4.6      6.0    433.7     71.0    158.5    183.3   3.13583   0.39509  41.72701
      41 2023  7  7  0  1 21 281  1.9850    158.01899   1326.89723   1006.34281    -29.66541     28.52983     -2.66539    166.8    172.6     -4.7      6.0    433.7     71.1    158.5    183.3   3.13568   0.39509  41.72262
      42 2023  7  7  0  1 23 266  1.9849    158.07306   1326.90148   1006.38781    -31.18382     30.07208     -2.71727    166.8    172.6     -4.7      6.0    433.7     71.1    158.5    183.3   3.13554   0.39509  41.71807
      43 2023  7  7  0  1 25 251  1.9849    158.09490   1326.90628   1006.43264    -32.15850     31.35897     -2.76517    166.8    172.6     -4.7      5.9    433.7     71.2    158.5    183.3   3.13539   0.39509  41.71364
      44 2023  7  7  0  1 27 236  1.9848    158.09005   1326.91168   1006.47729    -32.48710     31.89574     -2.80900    166.8    172.6     -4.7      5.9    433.7     71.3    158.5    183.3   3.13525   0.39509  41.70907
      45 2023  7  7  0  1 29 221  1.9848    158.07312   1326.91767   1006.52175    -33.15728     32.05960     -2.84910    166.8    172.6     -4.8      5.9    433.7     71.3    158.5    183.3   3.13510   0.39509  41.70463
      46 2023  7  7  0  1 31 205  1.9847    158.03981   1326.92423   1006.56602    -34.91593     31.53033     -2.88645    166.8    172.6     -4.8      5.9    433.7     71.4    158.5    183.3   3.13496   0.39509  41.70008
      47 2023  7  7  0  1 33 190  1.9847    157.99968   1326.93127   1006.61011    -36.18672     33.53149     -2.92247    166.8    172.6     -4.8      5.9    433.7     71.5    158.5    183.3   3.13482   0.39509  41.69567
      48 2023  7  7  0  1 35 175  1.9846    157.96570   1326.93872   1006.65401    -36.82485     34.84680     -2.95872    166.8    172.6     -4.9      5.8    433.7     71.5    158.5    183.3   3.13467   0.39509  41.69115
      49 2023  7  7  0  1 37 159  1.9846    157.95027   1326.94648   1006.69772    -36.77635     35.50003     -2.99659    166.8    172.6     -4.9      5.8    433.7     71.6    158.5    183.3   3.13453   0.39509  41.68679
      50 2023  7  7  0  1 39 144  1.9845    157.95771   1326.95448   1006.74123    -36.57415     35.69385     -3.03646    166.8    172.6     -4.9      5.8    433.7     71.7    158.5    183.3   3.13438   0.39509  41.68233
      51 2023  7  7  0  1 41 128  1.9845    157.99453   1326.96266   1006.78456    -38.55237     35.11310     -3.07780    166.8    172.6     -4.9      5.8    433.7     71.7    158.5    183.3   3.13424   0.39509  41.67803
      52 2023  7  7  0  1 43 112  1.9844    158.05175   1326.97103   1006.82771    -40.06736     36.45549     -3.11911    166.8    172.6     -5.0      5.8    433.7     71.8    158.5    183.3   3.13409   0.39509  41.67363
      53 2023  7  7  0  1 45  97  1.9844    158.11334   1326.97965   1006.87070    -40.94188     38.00920     -3.15852    166.8    172.6     -5.0      5.7    433.7     71.9    158.5    183.3   3.13395   0.39509  41.66940
      54 2023  7  7  0  1 47  81  1.9843    158.16181   1326.98856   1006.91351    -41.09224     38.91727     -3.19427    166.8    172.6     -5.0      5.7    433.7     71.9    158.5    183.3   3.13381   0.39509  41.66508
      55 2023  7  7  0  1 49  65  1.9843    158.18889   1326.99782   1006.95615    -40.74152     39.40458     -3.22508    166.8    172.6     -5.0      5.7    433.7     72.0    158.5    183.3   3.13366   0.39509  41.66093
      56 2023  7  7  0  1 51  50  1.9843    158.19327   1327.00745   1006.99861    -42.86295     39.10025     -3.25081    166.8    172.6     -5.1      5.7    433.7     72.1    158.5    183.3   3.13352   0.39509  41.65669
      57 2023  7  7  0  1 53  34  1.9842    158.18903   1327.01745   1007.04090    -44.54921     38.96674     -3.27209    166.8    172.6     -5.1      5.7    433.7     72.1    158.5    183.3   3.13337   0.39509  41.65261
      58 2023  7  7  0  1 55  18  1.9842    158.18138   1327.02776   1007.08302    -45.63004     40.97821     -3.29015    166.8    172.6     -5.1      5.6    433.7     72.2    158.5    183.3   3.13323   0.39509  41.64846
      59 2023  7  7  0  1 57   2  1.9841    158.17343   1327.03834   1007.12499    -45.99012     42.30024     -3.30616    166.8    172.6     -5.2      5.6    433.7     72.3    158.5    183.3   3.13308   0.39509  41.64447
      60 2023  7  7  0  1 58 986  1.9841    158.16633   1327.04911   1007.16677    -45.58898     43.11310     -3.32134    166.8    172.6     -5.2      5.6    433.7     72.3    158.5    183.3   3.13294   0.39509  41.64040
      61 2023  7  7  0  2  0 970  1.9841    158.16661   1327.06002   1007.20838    -45.38447     43.39512     -3.33635    166.8    172.6     -5.2      5.6    434.4     72.4    158.5    183.3   3.13280   0.39509  41.63651
      62 2023  7  7  0  2  2 954  1.9840    158.17931   1327.07097   1007.24979    -47.53349     42.89961     -3.35120    166.8    172.6     -5.2      5.6    435.9     72.5    171.8    200.2   3.13265   0.39509  41.63251
      63 2023  7  7  0  2  4 886  1.9316    158.20724   1327.08187   1007.29000    -49.19385     42.77442     -3.36845    166.8    172.6     -5.2      5.6    437.3     72.5    171.8    200.2   3.13251   0.39509  41.62875
      64 2023  7  7  0  2  6 818  1.9315    158.24624   1327.09269   1007.33033    -50.25485     44.68273     -3.38245    166.8    172.6     -5.2      5.6    438.7     72.6    171.8    200.2   3.13237   0.39509  41.62497
      65 2023  7  7  0  2  8 749  1.9315    158.28957   1327.10352   1007.37055    -50.60867     45.98336     -3.39271    166.8    172.6     -5.2      5.6    440.2     72.6    171.8    200.2   3.13223   0.39509  41.62137
      66 2023  7  7  0  2 10 681  1.9315    158.32551   1327.11442   1007.41065    -50.20874     46.89437     -3.39921    166.8    172.6     -5.2      5.6    441.6     72.7    171.8    200.2   3.13209   0.39509  41.61771
      67 2023  7  7  0  2 12 612  1.9315    158.34724   1327.12540   1007.45060    -49.98164     47.28594     -3.40194    166.8    172.6     -5.2      5.6    443.1     72.7    171.8    200.2   3.13195   0.39509  41.61420
      68 2023  7  7  0  2 14 544  1.9315    158.35269   1327.13650   1007.49042    -52.14287     46.94196     -3.40112    166.8    172.6     -5.2      5.5    444.5     72.8    171.8    200.2   3.13181   0.39509  41.61062
      69 2023  7  7  0  2 16 475  1.9314    158.35115   1327.14769   1007.53009    -53.89030     46.09293     -3.39708    166.8    172.6     -5.2      5.5    446.0     72.8    171.8    200.2   3.13167   0.39509  41.60720
      70 2023  7  7  0  2 18 406  1.9314    158.34726   1327.15894   1007.56966    -55.10942     48.19038     -3.39020    166.8    172.6     -5.2      5.5    447.5     72.9    171.8    200.2   3.13153   0.39509  41.60372
      71 2023  7  7  0  2 20 338  1.9314    158.34433   1327.17019   1007.60911    -55.65619     49.76157     -3.38104    166.8    172.6     -5.2      5.5    449.0     72.9    171.8    200.2   3.13139   0.39509  41.60039
      72 2023  7  7  0  2 22 269  1.9314    158.34569   1327.18141   1007.64847    -55.48422     50.66742     -3.37020    166.8    172.6     -5.2      5.5    450.5     73.0    171.8    200.2   3.13125   0.39509  41.59700
      73 2023  7  7  0  2 24 201  1.9314    158.35887   1327.19255   1007.68770    -54.51643     51.41003     -3.35811    166.8    172.6     -5.2      5.5    452.0     73.0    171.8    200.2   3.13111   0.39509  41.59377
      74 2023  7  7  0  2 26 132  1.9314    158.38529   1327.20358   1007.72682    -55.33438     51.44148     -3.34489    166.8    172.6     -5.2      5.5    453.6     73.1    171.8    200.2   3.13097   0.39509  41.59048
      75 2023  7  7  0  2 28  63  1.9314    158.42224   1327.21451   1007.76583    -57.33638     50.75753     -3.33030    166.8    172.6     -5.2      5.5    455.1     73.2    171.8    200.2   3.13083   0.39509  41.58734
      76 2023  7  7  0  2 29 995  1.9314    158.45983   1327.22535   1007.80474    -58.86459     50.79186     -3.31380    166.8    172.6     -5.2      5.5    456.6     73.2    171.8    200.2   3.13068   0.39509  41.58414
      77 2023  7  7  0  2 31 926  1.9314    158.48890   1327.23611   1007.84356    -59.78351     52.59622     -3.29474    166.8    172.6     -5.2      5.5    458.2     73.3    171.8    200.2   3.13054   0.39509  41.58110
      78 2023  7  7  0  2 33 857  1.9314    158.50459   1327.24679   1007.88230    -60.02301     53.87405     -3.27261    166.8    172.6     -5.2      5.5    459.7     73.3    171.8    200.2   3.13040   0.39509  41.57799
      79 2023  7  7  0  2 35 789  1.9313    158.50602   1327.37294   1007.92097    -59.50295     54.87037     -3.24721    166.8    172.6     -5.2      5.5    461.3     73.4    171.8    200.2   3.13026   0.39509  41.57504
      80 2023  7  7  0  2 37 720  1.9313    158.49345   1327.81229   1007.95956    -58.12152     55.39828     -3.21855    166.8    172.6     -5.2      5.5    462.9     73.4    171.8    200.2   3.13012   0.39509  41.57202
      81 2023  7  7  0  2 39 651  1.9313    158.47156   1328.25066   1007.99807    -60.24452     55.23043     -3.18667    166.8    172.6     -5.2      5.5    464.4     73.5    171.8    200.2   3.12998   0.39509  41.56916
      82 2023  7  7  0  2 41 583  1.9313    158.44802   1328.68798   1008.03652    -62.12697     54.35453     -3.15163    166.8    172.6     -5.2      5.5    466.0     73.5    171.8    200.2   3.12984   0.39509  41.56623
      83 2023  7  7  0  2 43 514  1.9314    158.43062   1329.12418   1008.07491    -63.53980     55.44388     -3.11347    166.8    172.6     -5.2      5.4    467.6     73.6    171.8    200.2   3.12970   0.39509  41.56345
      84 2023  7  7  0  2 45 446  1.9314    158.42502   1329.56313   1008.11326    -64.34350     57.15073     -3.07219    166.8    172.6     -5.2      5.4    469.2     73.6    171.8    200.2   3.12956   0.39509  41.56060
      85 2023  7  7  0  2 47 377  1.9314    158.43250   1330.00095   1008.15158    -64.42706     58.29241     -3.02812    166.8    172.6     -5.2      5.4    470.9     73.7    171.8    200.2   3.12942   0.39509  41.55791
      86 2023  7  7  0  2 49 308  1.9314    158.45303   1330.43728   1008.18988    -63.76111     59.22027     -2.98142    166.8    172.6     -5.2      5.4    472.5     73.7    171.8    200.2   3.12928   0.39509  41.55514
      87 2023  7  7  0  2 51 240  1.9314    158.47984   1330.87203   1008.22816    -62.30416     59.74115     -2.93230    166.8    172.6     -5.2      5.4    474.1     73.8    171.8    200.2   3.12914   0.39509  41.55252
      88 2023  7  7  0  2 53 171  1.9314    158.50413   1331.30521   1008.26640    -63.52095     59.60371     -2.88087    166.8    172.6     -5.2      5.4    475.7     73.9    171.8    200.2   3.12900   0.39509  41.54983
      89 2023  7  7  0  2 55 102  1.9314    158.51990   1331.73686   1008.30463    -65.28157     58.80953     -2.82685    166.8    172.6     -5.2      5.4    477.4     73.9    171.8    200.2   3.12886   0.39509  41.54728
      90 2023  7  7  0  2 57  34  1.9314    158.52197   1332.16704   1008.34287    -66.60078     59.34015     -2.76994    166.8    172.6     -5.2      5.4    479.0     74.0    171.8    200.2   3.12872   0.39509  41.54467
      91 2023  7  7  0  2 58 965  1.9315    158.51701   1332.59578   1008.38111    -67.36182     60.94579     -2.70979    166.8    172.6     -5.2      5.4    480.7     74.0    171.8    200.2   3.12858   0.39509  41.54217
      92 2023  7  7  0  3  0 897  1.9315    158.50813   1333.02608   1008.41939    -67.42794     62.05161     -2.64616    166.8    172.6     -5.2      5.4    481.6     74.0    171.8    200.2   3.12844   0.39509  41.53960
      93 2023  7  7  0  3  2 828  1.9315    158.49363   1333.46657   1008.45770    -66.71319     63.01391     -2.57910    166.8    172.6     -5.2      5.4    481.6     74.1    171.8    200.2   3.12830   0.39509  41.53716
      94 2023  7  7  0  3  4 709  1.8808    158.47282   1333.91349   1008.49504    -65.21714     63.63225     -2.51513    166.8    172.6     -5.2      5.4    481.6     74.1    171.8    200.2   3.12816   0.39509  41.53473
      95 2023  7  7  0  3  6 590  1.8808    158.44890   1334.35588   1008.53267    -66.43011     63.67746     -2.44464    166.8    172.6     -5.2      5.4    481.6     74.1    171.8    200.2   3.12802   0.39509  41.53242
      96 2023  7  7  0  3  8 471  1.8809    158.42872   1334.79887   1008.57038    -68.20866     63.12394     -2.37154    166.8    172.6     -5.2      5.4    481.6     74.1    171.8    200.2   3.12789   0.39509  41.53003
      97 2023  7  7  0  3 10 352  1.8809    158.41929   1335.24238   1008.60818    -69.60735     63.37354     -2.29636    166.8    172.6     -5.2      5.4    481.6     74.1    171.8    200.2   3.12775   0.39509  41.52777
      98 2023  7  7  0  3 12 233  1.8809    158.41939   1335.68659   1008.64608    -70.52524     65.09455     -2.21932    166.8    172.6     -5.3      5.4    481.6     74.1    171.8    200.2   3.12761   0.39509  41.52544
      99 2023  7  7  0  3 14 114  1.8810    158.42362   1336.13161   1008.68409    -70.82722     66.44123     -2.14041    166.8    172.6     -5.3      5.4    481.6     74.1    171.8    200.2   3.12748   0.39509  41.52322
     100 2023  7  7  0  3 15 995  1.8810    158.42953   1336.57756   1008.72223    -70.43951     67.30016     -2.05960    166.8    172.6     -5.3      5.4    481.6     74.1    171.8    200.2   3.12734   0.39509  41.52093
     101 2023  7  7  0  3 17 876  1.8810    158.43535   1337.02456   1008.76050    -69.34760     67.72424     -1.97710    166.8    172.6     -5.3      5.4    481.6     74.1    171.8    200.2   3.12720   0.39509  41.51876
     102 2023  7  7  0  3 19 757  1.8811    158.43936   1337.47267   1008.79892    -67.65801     68.10419     -1.89298    166.8    172.6     -5.3      5.4    481.6     74.1    171.8    200.2   3.12707   0.39509  41.51651
     103 2023  7  7  0  3 21 638  1.8811    158.43968   1337.92198   1008.83751    -69.37668     67.93135     -1.80749    166.8    172.6     -5.3      5.4    481.6     74.1    171.8    200.2   3.12693   0.39509  41.51438
     104 2023  7  7  0  3 23 519  1.8812    158.43015   1338.37247   1008.87628    -70.77833     67.40907     -1.72088    166.8    172.6     -5.3      5.4    481.6     74.1    171.8    200.2   3.12679   0.39509  41.51216
     105 2023  7  7  0  3 25 400  1.8812    158.40914   1338.82445   1008.91524    -71.77467     69.14557     -1.63333    166.8    172.6     -5.4      5.4    481.6     74.2    171.8    200.2   3.12666   0.39509  41.51005
     106 2023  7  7  0  3 27 282  1.8813    158.37879   1339.27799   1008.95441    -72.28439     70.57274     -1.54507    166.8    172.6     -5.4      5.4    481.6     74.2    171.8    200.2   3.12652   0.39509  41.50786
     107 2023  7  7  0  3 29 163  1.8813    158.34685   1339.73587   1008.99382    -72.21946     71.62826     -1.45641    166.8    172.6     -5.4      5.4    481.6     74.2    171.8    200.2   3.12638   0.39509  41.50579
     108 2023  7  7  0  3 31  44  1.8814    158.31998   1340.20298   1009.03347    -71.47519     72.21530     -1.36779    166.8    172.6     -5.4      5.4    481.6     74.2    171.8    200.2   3.12625   0.39509  41.50364
     109 2023  7  7  0  3 32 926  1.8814    158.30281   1340.68152   1009.07337    -69.98979     72.30001     -1.27953    166.8    172.6     -5.4      5.4    481.6     74.2    171.8    200.2   3.12611   0.39509  41.50160
     110 2023  7  7  0  3 34 807  1.8815    158.29796   1341.19109   1009.11354    -70.50086     72.09746     -1.19207    166.8    172.6     -5.4      5.4    481.6     74.2    171.8    200.2   3.12597   0.39509  41.49948
     111 2023  7  7  0  3 36 689  1.8816    158.30182   1341.70271   1009.15402    -71.97311     72.08016     -1.10565    166.8    172.6     -5.4      5.4    481.6     74.2    171.8    200.2   3.12583   0.39509  41.49747
     112 2023  7  7  0  3 38 570  1.8816    158.31376   1342.21659   1009.19481    -73.10833     73.84259     -1.02045    166.8    172.6     -5.5      5.4    481.6     74.2    171.8    200.2   3.12570   0.39509  41.49538
     113 2023  7  7  0  3 40 452  1.8817    158.32933   1342.73297   1009.23594    -73.83398     75.33708     -0.93657    166.8    172.6     -5.5      5.4    481.6     74.2    171.8    200.2   3.12556   0.39509  41.49340
     114 2023  7  7  0  3 42 334  1.8818    158.34244   1343.25204   1009.27744    -74.06692     76.50675     -0.85401    166.8    172.6     -5.5      5.4    481.6     74.2    171.8    200.2   3.12542   0.39509  41.49131
     115 2023  7  7  0  3 44 216  1.8819    158.34765   1343.77405   1009.31931    -73.69272     77.27752     -0.77279    166.8    172.6     -5.5      5.4    481.6     74.2    171.8    200.2   3.12529   0.39509  41.48935
     116 2023  7  7  0  3 46  98  1.8820    158.34433   1344.29922   1009.36158    -72.66733     77.58844     -0.69304    166.8    172.6     -5.5      5.4    481.6     74.2    171.8    200.2   3.12515   0.39509  41.48731
     117 2023  7  7  0  3 47 980  1.8820    158.33504   1344.82781   1009.40428    -70.93215     77.42929     -0.61494    166.8    172.6     -5.5      5.4    481.6     74.3    171.8    200.2   3.12501   0.39509  41.48535
     118 2023  7  7  0  3 49 862  1.8821    158.31793   1345.36010   1009.44741    -72.04423     76.79401     -0.53876    166.8    172.6     -5.5      5.4    481.6     74.3    171.8    200.2   3.12488   0.39509  41.48333
     119 2023  7  7  0  3 51 744  1.8822    158.29612   1345.89638   1009.49101    -73.16105     78.29268     -0.46482    166.8    172.6     -5.6      5.4    481.6     74.3    171.8    200.2   3.12474   0.39509  41.48140
     120 2023  7  7  0  3 53 626  1.8823    158.27663   1346.44547   1009.53511    -73.92962     79.78805     -0.39337    166.8    172.6     -5.6      5.4    481.6     74.3    171.8    200.2   3.12460   0.39509  41.47938
     121 2023  7  7  0  3 55 509  1.8824    158.26180   1347.01484   1009.57972    -74.28157     81.00575     -0.32465    166.8    172.6     -5.6      5.4    481.6     74.3    171.8    200.2   3.12447   0.39509  41.47747
     122 2023  7  7  0  3 57 391  1.8825    158.25524   1347.58999   1009.62488    -74.15520     81.89986     -0.25866    166.8    172.6     -5.6      5.4    481.6     74.3    171.8    200.2   3.12433   0.39509  41.47550
     123 2023  7  7  0  3 59 274  1.8826    158.25237   1348.17145   1009.67061    -73.46980     82.39831     -0.19533    166.8    172.6     -5.6      5.4    481.6     74.3    171.8    200.2   3.12419   0.39509  41.47358
     124 2023  7  7  0  4  1 157  1.8827    158.25041   1348.75976   1009.71694    -72.15567     82.46817     -0.13452    166.8    172.6     -5.6      5.4    481.6     74.3    171.8    200.2   3.12406   0.39509  41.47161
     125 2023  7  7  0  4  3  40  1.8829    158.24808   1349.35557   1009.76386    -71.98199     82.09839     -0.07613    166.8    172.6     -5.5      5.4    481.6     74.3    176.3    206.9   3.12392   0.39509  41.46991
     126 2023  7  7  0  4  4 905  1.8653    158.24173   1349.97990   1009.81103    -73.04045     82.77225     -0.02018    166.8    172.6     -5.4      5.4    481.6     74.3    176.3    206.9   3.12378   0.39509  41.46807
     127 2023  7  7  0  4  6 771  1.8655    158.22984   1350.61353   1009.85899    -73.81673     84.21345      0.03379    166.8    172.6     -5.3      5.4    481.6     74.3    176.3    206.9   3.12365   0.39509  41.46629
     128 2023  7  7  0  4  8 636  1.8656    158.21468   1351.26004   1009.90767    -74.25285     85.41580      0.08538    166.8    172.6     -5.2      5.4    481.6     74.3    176.3    206.9   3.12351   0.39509  41.46440
     129 2023  7  7  0  4 10 502  1.8657    158.19894   1351.96228   1009.95710    -74.29227     86.34027      0.13461    166.8    172.6     -5.1      5.4    481.6     74.3    176.3    206.9   3.12338   0.39509  41.46259
     130 2023  7  7  0  4 12 368  1.8658    158.18661   1352.68729   1010.00733    -73.87458     86.94743      0.18153    166.8    172.6     -5.0      5.4    481.6     74.4    176.3    206.9   3.12324   0.39509  41.46072
     131 2023  7  7  0  4 14 234  1.8660    158.18018   1353.42914   1010.05837    -72.92424     87.17862      0.22616    166.8    172.6     -4.9      5.4    481.6     74.4    176.3    206.9   3.12310   0.39509  41.45894
     132 2023  7  7  0  4 16 100  1.8661    158.17932   1354.18847   1010.11027    -71.69234     87.02321      0.26858    166.8    172.6     -4.8      5.4    481.6     74.4    176.3    206.9   3.12297   0.39509  41.45709
     133 2023  7  7  0  4 17 966  1.8663    158.18436   1354.96673   1010.16305    -72.63555     87.35502      0.30896    166.8    172.6     -4.6      5.4    481.6     74.4    176.3    206.9   3.12283   0.39509  41.45536
     134 2023  7  7  0  4 19 832  1.8664    158.19405   1355.83489   1010.21674    -73.34179     88.62979      0.34737    166.8    172.6     -4.5      5.4    481.6     74.4    176.3    206.9   3.12270   0.39509  41.45354
     135 2023  7  7  0  4 21 699  1.8666    158.20513   1356.74209   1010.27136    -73.75723     89.67097      0.38398    166.8    172.6     -4.4      5.4    481.6     74.4    176.3    206.9   3.12256   0.39509  41.45181
     136 2023  7  7  0  4 23 566  1.8667    158.21352   1357.67369   1010.32696    -73.83090     90.48413      0.41890    166.8    172.6     -4.3      5.4    481.6     74.4    176.3    206.9   3.12243   0.39509  41.45002
     137 2023  7  7  0  4 25 433  1.8669    158.21729   1358.72526   1010.38354    -73.51467     91.11476      0.45226    166.8    172.6     -4.2      5.4    481.6     74.4    176.3    206.9   3.12229   0.39509  41.44831
     138 2023  7  7  0  4 27 300  1.8670    158.21579   1359.86793   1010.44115    -72.75972     91.43113      0.48423    166.8    172.6     -4.1      5.4    481.6     74.4    176.3    206.9   3.12215   0.39509  41.44653
     139 2023  7  7  0  4 29 167  1.8672    158.21222   1361.58620   1010.49982    -71.52880     91.40405      0.51500    166.8    172.6     -4.0      5.4    481.6     74.4    176.3    206.9   3.12202   0.39509  41.44485
     140 2023  7  7  0  4 31  34  1.8674    158.20564   1363.40074   1010.55956    -72.29103     92.05484      0.54484    166.8    172.6     -3.9      5.4    481.6     74.4    176.3    206.9   3.12188   0.39509  41.44310
     141 2023  7  7  0  4 32 902  1.8675    158.19775   1365.21600   1010.62041    -72.84122     93.24796      0.57400    166.8    172.6     -3.8      5.4    481.6     74.4    176.3    206.9   3.12175   0.39509  41.44144
     142 2023  7  7  0  4 34 769  1.8677    158.19083   1367.01906   1010.68240    -73.13485     94.22542      0.60267    166.8    172.6     -3.7      5.4    481.6     74.4    176.3    206.9   3.12161   0.39509  41.43974
     143 2023  7  7  0  4 36 637  1.8679    158.18681   1368.79864   1010.74553    -73.12972     94.95989      0.63107    166.8    172.6     -3.6      5.4    481.6     74.4    176.3    206.9   3.12147   0.39509  41.43812
     144 2023  7  7  0  4 38 505  1.8681    158.18572   1370.54517   1010.80983    -72.79435     95.42857      0.65937    166.8    172.6     -3.5      5.4    481.6     74.4    176.3    206.9   3.12134   0.39509  41.43646
     145 2023  7  7  0  4 40 374  1.8683    158.18801   1372.25060   1010.87530    -72.11408     95.59270      0.68768    166.8    172.6     -3.4      5.4    481.6     74.4    176.3    206.9   3.12120   0.39509  41.43489
     146 2023  7  7  0  4 42 242  1.8685    158.19372   1373.92114   1010.94197    -71.30654     95.55636      0.71609    166.8    172.6     -3.3      5.4    481.6     74.5    176.3    206.9   3.12107   0.39509  41.43325
     147 2023  7  7  0  4 44 111  1.8687    158.20120   1375.56089   1011.00983    -72.15764     96.81049      0.74467    166.8    172.6     -3.2      5.4    481.6     74.5    176.3    206.9   3.12093   0.39509  41.43171
     148 2023  7  7  0  4 45 980  1.8689    158.20831   1377.11509   1011.07889    -72.77436     97.88804      0.77360    166.8    172.6     -3.1      5.4    481.6     74.5    176.3    206.9   3.12080   0.39509  41.43010
     149 2023  7  7  0  4 47 849  1.8691    158.21306   1378.57115   1011.14915    -73.15327     98.76127      0.80307    166.8    172.6     -3.0      5.4    481.6     74.5    176.3    206.9   3.12066   0.39509  41.42859
     150 2023  7  7  0  4 49 718  1.8693    158.21384   1379.92969   1011.22060    -73.29056     99.40859      0.83336    166.8    172.6     -2.9      5.4    481.6     74.5    176.3    206.9   3.12052   0.39509  41.42702
     151 2023  7  7  0  4 51 587  1.8695    158.21106   1381.18927   1011.29324    -73.19123     99.81138      0.86476    166.8    172.6     -2.8      5.4    481.6     74.5    176.3    206.9   3.12039   0.39509  41.42554
     152 2023  7  7  0  4 53 457  1.8697    158.20477   1382.47035   1011.36703    -74.24869     99.93656      0.89756    166.8    172.6     -2.7      5.4    481.6     74.5    176.3    206.9   3.12025   0.39509  41.42401
     153 2023  7  7  0  4 55 327  1.8700    158.19649   1383.93352   1011.44195    -75.88068    100.94482      0.93202    166.8    172.6     -2.6      5.4    481.6     74.5    176.3    206.9   3.12012   0.39509  41.42256
     154 2023  7  7  0  4 57 197  1.8702    158.18897   1385.32930   1011.51798    -77.34316    102.57153      0.96831    166.8    172.6     -2.5      5.4    481.6     74.5    176.3    206.9   3.11998   0.39509  41.42106
     155 2023  7  7  0  4 59  68  1.8705    158.18470   1386.63689   1011.59507    -78.61388    103.70457      1.00650    166.8    172.6     -2.4      5.4    481.6     74.5    176.3    206.9   3.11984   0.39509  41.41964
     156 2023  7  7  0  5  0 938  1.8707    158.18494   1387.85909   1011.67318    -79.67003    104.35927      1.04656    166.8    172.6     -2.4      5.3    481.6     74.5    176.3    206.9   3.11971   0.39509  41.41817
     157 2023  7  7  0  5  2 809  1.8710    158.18784   1388.99570   1011.75228    -80.47992    104.53986      1.08838    166.8    172.6     -2.5      5.3    481.6     74.5    176.3    206.9   3.11957   0.39509  41.41679
     158 2023  7  7  0  5  4 853  2.0435    158.19660   1389.84480   1011.83959    -81.10824    104.29203      1.12996    166.8    172.6     -2.6      5.3    481.6     74.5    176.3    206.9   3.11942   0.39509  41.41522
     159 2023  7  7  0  5  6 897  2.0438    158.21081   1390.48156   1011.92706    -81.39429    104.34812      1.17979    166.8    172.6     -2.7      5.2    481.6     74.5    176.3    206.9   3.11927   0.39509  41.41374
     160 2023  7  7  0  5  8 941  2.0442    158.22655   1390.99749   1012.01535    -81.35108    105.55270      1.23188    166.8    172.6     -2.8      5.2    481.6     74.5    176.3    206.9   3.11913   0.39509  41.41221
     161 2023  7  7  0  5 10 986  2.0446    158.23940   1391.77249   1012.10441    -80.99088    108.10153      1.28613    166.8    172.6     -2.9      5.1    481.6     74.5    176.3    206.9   3.11898   0.39509  41.41077
     162 2023  7  7  0  5 13  31  2.0450    158.24702   1392.43622   1012.19413    -82.16417    110.22654      1.34242    166.8    172.6     -3.0      5.1    481.6     74.5    176.3    206.9   3.11883   0.39509  41.40928
     163 2023  7  7  0  5 15  76  2.0454    158.24858   1392.97980   1012.28442    -83.84562    111.95915      1.40069    166.8    172.6     -3.1      5.1    481.6     74.5    176.3    206.9   3.11868   0.39509  41.40789
     164 2023  7  7  0  5 17 122  2.0459    158.24805   1393.45052   1012.37517    -85.29157    113.11142      1.46079    166.8    172.6     -3.2      5.0    481.6     74.5    176.3    206.9   3.11853   0.39508  41.40644
     165 2023  7  7  0  5 19 168  2.0463    158.24656   1393.83151   1012.46624    -86.47449    113.68417      1.52245    166.8    172.6     -3.3      5.0    481.6     74.5    176.3    206.9   3.11838   0.39508  41.40510
     166 2023  7  7  0  5 21 215  2.0468    158.24517   1394.14155   1012.55752    -87.36504    113.70049      1.58539    166.8    172.6     -3.4      5.0    481.6     74.5    176.3    206.9   3.11823   0.39508  41.40369
     167 2023  7  7  0  5 23 262  2.0473    158.24439   1394.33967   1012.64885    -87.92697    113.21266      1.64932    166.8    172.6     -3.5      4.9    481.6     74.5    176.3    206.9   3.11808   0.39508  41.40238
     168 2023  7  7  0  5 25 310  2.0477    158.24533   1394.66231   1012.74008    -88.15031    113.29668      1.71393    166.8    172.6     -3.6      4.9    481.6     74.5    176.3    206.9   3.11794   0.39508  41.40102
     169 2023  7  7  0  5 27 358  2.0482    158.24922   1395.02829   1012.83105    -88.01255    116.19225      1.77903    166.8    172.6     -3.7      4.8    481.6     74.5    176.3    206.9   3.11779   0.39508  41.39977
     170 2023  7  7  0  5 29 407  2.0488    158.25582   1395.28077   1012.92159    -87.89051    118.66489      1.84440    166.8    172.6     -3.8      4.8    481.6     74.5    176.3    206.9   3.11764   0.39508  41.39847
     171 2023  7  7  0  5 31 456  2.0493    158.26390   1395.44195   1013.01155    -87.65507    120.65732      1.90989    166.8    172.6     -3.9      4.8    481.6     74.5    176.3    206.9   3.11749   0.39508  41.39727
     172 2023  7  7  0  5 33 506  2.0498    158.27206   1395.52211   1013.10075    -88.50198    122.07766      1.97533    166.8    172.6     -4.0      4.7    481.6     74.5    176.3    206.9   3.11734   0.39508  41.39602
     173 2023  7  7  0  5 35 557  2.0504    158.27927   1395.51290   1013.18903    -89.88905    122.93050      2.04058    166.8    172.6     -4.1      4.7    481.6     74.5    176.3    206.9   3.11719   0.39508  41.39486
     174 2023  7  7  0  5 37 608  2.0510    158.28227   1395.63341   1013.27622    -91.00859    123.22079      2.10544    166.8    172.6     -4.2      4.7    481.6     74.5    176.3    206.9   3.11704   0.39508  41.39365
     175 2023  7  7  0  5 39 659  2.0516    158.28399   1395.76015   1013.36217    -91.83624    122.97537      2.16971    166.8    172.6     -4.3      4.6    481.6     74.5    176.3    206.9   3.11689   0.39508  41.39252
     176 2023  7  7  0  5 41 711  2.0522    158.28545   1395.81214   1013.44671    -92.33977    122.24177      2.23317    166.8    172.6     -4.4      4.6    481.6     74.5    176.3    206.9   3.11674   0.39508  41.39134
     177 2023  7  7  0  5 43 764  2.0528    158.28768   1395.78800   1013.52968    -92.49265    123.24641      2.29559    166.8    172.6     -4.5      4.5    481.6     74.5    176.3    206.9   3.11659   0.39508  41.39026
     178 2023  7  7  0  5 45 817  2.0534    158.28929   1395.68015   1013.61092    -92.33223    125.79618      2.35676    166.8    172.6     -4.6      4.5    481.6     74.5    176.3    206.9   3.11644   0.39508  41.38912
     179 2023  7  7  0  5 47 871  2.0540    158.29076   1395.55116   1013.69029    -92.43798    127.92374      2.41645    166.8    172.6     -4.7      4.5    481.6     74.5    176.3    206.9   3.11629   0.39508  41.38807
     180 2023  7  7  0  5 49 926  2.0546    158.29204   1395.55166   1013.76765    -92.18441    129.57279      2.47444    166.8    172.6     -4.8      4.4    481.6     74.5    176.3    206.9   3.11615   0.39508  41.38697
     181 2023  7  7  0  5 51 981  2.0552    158.29302   1395.53834   1013.84286    -91.56153    130.65921      2.53056    166.8    172.6     -4.9      4.4    481.6     74.5    176.3    206.9   3.11600   0.39508  41.38595
     182 2023  7  7  0  5 54  37  2.0559    158.29363   1395.44952   1013.91581    -91.86514    131.19157      2.58464    166.8    172.6     -5.0      4.4    481.6     74.5    176.3    206.9   3.11585   0.39508  41.38488
     183 2023  7  7  0  5 56  94  2.0565    158.29391   1395.27823   1013.98639    -92.75596    131.17667      2.63657    166.8    172.6     -5.1      4.3    481.6     74.5    176.3    206.9   3.11570   0.39508  41.38390
     184 2023  7  7  0  5 58 151  2.0571    158.29400   1395.02014   1014.05451    -93.43065    130.64881      2.68622    166.8    172.6     -5.2      4.3    481.6     74.5    176.3    206.9   3.11555   0.39508  41.38285
     185 2023  7  7  0  6  0 209  2.0578    158.29410   1394.85041   1014.12008    -93.79510    129.65387      2.73353    166.8    172.6     -5.3      4.2    481.6     74.5    176.3    206.9   3.11540   0.39508  41.38190
     186 2023  7  7  0  6  2 267  2.0585    158.29467   1394.68899   1014.18312    -93.82366    131.69548      2.77840    166.8    172.6     -5.3      4.2    481.6     74.5    177.2    208.1   3.11525   0.39508  41.38099
     187 2023  7  7  0  6  4 138  1.8704    158.29589   1394.74261   1014.23824    -93.93140    133.60279      2.80939    166.8    172.6     -5.3      4.2    481.6     74.5    177.2    208.1   3.11511   0.39508  41.38010
     188 2023  7  7  0  6  6   8  1.8708    158.29717   1394.69511   1014.29201    -93.99746    135.17304      2.84108    166.8    172.6     -5.3      4.2    481.6     74.5    177.2    208.1   3.11498   0.39508  41.37906
     189 2023  7  7  0  6  7 880  1.8713    158.30137   1394.60215   1014.34360    -93.76954    136.36686      2.87305    166.8    172.6     -5.4      4.2    481.6     74.5    177.2    208.1   3.11484   0.39508  41.37818
     190 2023  7  7  0  6  9 751  1.8717    158.30713   1394.66634   1014.39298    -93.30069    137.11822      2.90426    166.8    172.6     -5.4      4.2    481.6     74.5    177.2    208.1   3.11470   0.39508  41.37728
     191 2023  7  7  0  6 11 624  1.8722    158.31298   1394.67806   1014.44014    -92.57827    137.43692      2.93422    166.8    172.6     -5.4      4.2    481.6     74.5    177.2    208.1   3.11457   0.39508  41.37647
     192 2023  7  7  0  6 13 496  1.8726    158.31780   1394.63745   1014.48508    -92.65536    137.33107      2.96259    166.8    172.6     -5.4      4.2    481.6     74.5    177.2    208.1   3.11443   0.39508  41.37564
     193 2023  7  7  0  6 15 369  1.8731    158.32062   1394.54804   1014.52781    -93.04163    136.81650      2.98915    166.8    172.6     -5.4      4.1    481.6     74.5    177.2    208.1   3.11429   0.39508  41.37489
     194 2023  7  7  0  6 17 243  1.8735    158.32087   1394.50037   1014.56837    -93.65371    135.92345      3.01375    166.8    172.6     -5.4      4.1    481.6     74.5    177.2    208.1   3.11416   0.39508  41.37409
     195 2023  7  7  0  6 19 117  1.8739    158.31854   1394.46834   1014.60678    -94.22933    136.35489      3.03629    166.8    172.6     -5.4      4.1    481.6     74.4    177.2    208.1   3.11402   0.39508  41.37338
     196 2023  7  7  0  6 20 991  1.8743    158.31388   1394.38778   1014.64309    -94.55933    138.08619      3.05669    166.8    172.6     -5.5      4.1    481.6     74.4    177.2    208.1   3.11389   0.39508  41.37263
     197 2023  7  7  0  6 22 866  1.8747    158.30796   1394.26532   1014.67736    -94.63093    139.51325      3.07496    166.8    172.6     -5.5      4.1    481.6     74.4    177.2    208.1   3.11375   0.39508  41.37195
     198 2023  7  7  0  6 24 741  1.8750    158.30183   1394.21915   1014.70963    -94.42210    140.60946      3.09109    166.8    172.6     -5.5      4.1    481.6     74.4    177.2    208.1   3.11361   0.39508  41.37122
     199 2023  7  7  0  6 26 616  1.8753    158.29642   1394.12344   1014.73999    -93.92695    141.33552      3.10512    166.8    172.6     -5.5      4.1    481.6     74.4    177.2    208.1   3.11348   0.39508  41.37056
     200 2023  7  7  0  6 28 492  1.8756    158.29310   1394.04859   1014.76850    -93.13130    141.65608      3.11706    166.8    172.6     -5.5      4.1    481.6     74.4    177.2    208.1   3.11334   0.39508  41.36986
     201 2023  7  7  0  6 30 367  1.8758    158.29212   1393.97200   1014.79525    -92.04634    141.58486      3.12698    166.8    172.6     -5.5      4.0    481.6     74.4    177.2    208.1   3.11320   0.39508  41.36922
     202 2023  7  7  0  6 32 243  1.8760    158.29184   1393.94815   1014.82032    -91.84896    141.12699      3.13489    166.8    172.6     -5.5      4.0    481.6     74.4    177.2    208.1   3.11307   0.39508  41.36853
     203 2023  7  7  0  6 34 120  1.8762    158.29232   1394.02047   1014.84379    -92.58413    140.30854      3.14083    166.8    172.6     -5.6      4.0    481.6     74.4    177.2    208.1   3.11293   0.39508  41.36791
     204 2023  7  7  0  6 35 996  1.8763    158.29426   1394.22267   1014.86577    -93.10164    140.19000      3.14482    166.8    172.6     -5.6      4.0    481.6     74.4    177.2    208.1   3.11279   0.39508  41.36721
     205 2023  7  7  0  6 37 872  1.8764    158.29651   1394.39835   1014.88635    -93.38675    141.68455      3.14692    166.8    172.6     -5.6      4.0    481.6     74.4    177.2    208.1   3.11266   0.39508  41.36658
     206 2023  7  7  0  6 39 749  1.8764    158.29799   1394.53997   1014.90562    -93.42775    142.90466      3.14719    166.8    172.6     -5.6      4.0    481.6     74.4    177.2    208.1   3.11252   0.39508  41.36588
     207 2023  7  7  0  6 41 625  1.8764    158.29786   1394.64396   1014.92369    -93.21649    143.82631      3.14568    166.8    172.6     -5.6      4.0    481.6     74.4    177.2    208.1   3.11239   0.39508  41.36524
     208 2023  7  7  0  6 43 502  1.8763    158.29726   1394.70810   1014.94067    -92.73725    144.43046      3.14248    166.8    172.6     -5.6      4.0    481.6     74.4    177.2    208.1   3.11225   0.39508  41.36455
     209 2023  7  7  0  6 45 378  1.8762    158.29626   1394.73027   1014.95664    -91.97958    144.67458      3.13769    166.8    172.6     -5.6      3.9    481.6     74.4    177.2    208.1   3.11211   0.39508  41.36392
     210 2023  7  7  0  6 47 254  1.8760    158.29497   1394.75747   1014.97172    -90.93698    144.56446      3.13140    166.8    172.6     -5.7      3.9    481.6     74.4    177.2    208.1   3.11198   0.39508  41.36323
     211 2023  7  7  0  6 49 129  1.8757    158.29277   1394.81580   1014.98600    -89.62238    144.10748      3.12373    166.8    172.6     -5.7      3.9    481.6     74.4    177.2    208.1   3.11184   0.39508  41.36261
     212 2023  7  7  0  6 51   5  1.8754    158.29001   1394.83386   1014.99959    -89.77627    143.32423      3.11476    166.8    172.6     -5.7      3.9    481.6     74.4    177.2    208.1   3.11170   0.39508  41.36192
     213 2023  7  7  0  6 52 880  1.8750    158.28730   1394.81153   1015.01258    -90.10929    143.99807      3.10455    166.8    172.6     -5.7      3.9    481.6     74.4    177.2    208.1   3.11157   0.39508  41.36130
     214 2023  7  7  0  6 54 754  1.8745    158.28464   1394.74875   1015.02508    -90.22170    145.19894      3.09317    166.8    172.6     -5.7      3.9    481.6     74.3    177.2    208.1   3.11143   0.39508  41.36062
     215 2023  7  7  0  6 56 628  1.8740    158.28276   1394.64558   1015.03718    -90.10410    146.13920      3.08065    166.8    172.6     -5.7      3.9    481.6     74.3    177.2    208.1   3.11129   0.39508  41.36001
     216 2023  7  7  0  6 58 502  1.8735    158.28135   1394.50226   1015.04895    -89.75053    146.80333      3.06707    166.8    172.6     -5.7      3.9    481.6     74.3    177.2    208.1   3.11116   0.39508  41.35930
     217 2023  7  7  0  7  0 375  1.8728    158.27938   1394.31909   1015.06051    -89.15738    147.18023      3.05250    166.8    172.6     -5.7      3.9    481.5     74.3    177.2    208.1   3.11102   0.39508  41.35866
     218 2023  7  7  0  7  2 247  1.8721    158.27684   1394.09647   1015.07192    -88.31202    147.23881      3.03698    166.8    172.6     -5.6      3.9    481.2     74.4    177.2    208.1   3.11089   0.39508  41.35796
     219 2023  7  7  0  7  4  88  1.8414    158.27401   1393.85882   1015.08322    -87.22441    146.99022      3.02050    166.8    172.6     -5.5      3.9    481.0     74.5    177.2    208.1   3.11075   0.39508  41.35734
     220 2023  7  7  0  7  5 929  1.8407    158.27085   1393.57699   1015.09470    -85.89479    146.44981      3.00459    166.8    172.6     -5.4      4.0    480.7     74.5    177.2    208.1   3.11062   0.39508  41.35665
     221 2023  7  7  0  7  7 769  1.8399    158.26756   1393.25983   1015.10628    -85.08005    147.33407      2.98789    166.8    172.6     -5.3      4.0    480.4     74.6    177.2    208.1   3.11048   0.39508  41.35603
     222 2023  7  7  0  7  9 608  1.8390    158.26440   1392.90798   1015.11803    -85.13310    148.35693      2.97043    166.8    172.6     -5.2      4.0    480.2     74.7    177.2    208.1   3.11035   0.39508  41.35535
     223 2023  7  7  0  7 11 446  1.8381    158.26172   1392.52224   1015.13000    -84.98784    149.14236      2.95228    166.8    172.6     -5.1      4.1    479.9     74.7    177.2    208.1   3.11022   0.39508  41.35472
     224 2023  7  7  0  7 13 283  1.8372    158.25990   1392.10362   1015.14224    -84.63934    149.68083      2.93352    166.8    172.6     -5.0      4.1    479.6     74.8    177.2    208.1   3.11008   0.39508  41.35404
     225 2023  7  7  0  7 15 119  1.8362    158.25914   1391.65318   1015.15483    -84.08504    149.96827      2.91422    166.8    172.6     -4.9      4.1    479.4     74.8    177.2    208.1   3.10995   0.39508  41.35342
     226 2023  7  7  0  7 16 954  1.8352    158.25912   1391.17205   1015.16780    -83.32479    149.98696      2.89441    166.8    172.6     -4.8      4.2    479.1     74.9    177.2    208.1   3.10982   0.39508  41.35274
     227 2023  7  7  0  7 18 788  1.8341    158.25979   1390.66147   1015.18122    -82.35778    149.73186      2.87413    166.8    172.6     -4.7      4.2    478.9     75.0    177.2    208.1   3.10968   0.39508  41.35210
     228 2023  7  7  0  7 20 621  1.8330    158.26077   1390.12275   1015.19512    -81.17128    150.78247      2.85339    166.8    172.6     -4.6      4.3    478.6     75.0    177.2    208.1   3.10955   0.39508  41.35140
     229 2023  7  7  0  7 22 453  1.8319    158.26164   1389.55722   1015.20956    -79.77155    151.66522      2.83222    166.8    172.6     -4.5      4.3    478.3     75.1    177.2    208.1   3.10942   0.39508  41.35076
     230 2023  7  7  0  7 24 284  1.8307    158.26197   1388.96632   1015.22458    -78.88252    152.32015      2.81068    166.8    172.6     -4.4      4.3    478.1     75.1    177.2    208.1   3.10928   0.39508  41.35006
     231 2023  7  7  0  7 26 114  1.8296    158.26170   1388.35195   1015.24021    -78.64009    152.74263      2.78880    166.8    172.6     -4.3      4.4    477.8     75.2    177.2    208.1   3.10915   0.39508  41.34943
     232 2023  7  7  0  7 27 942  1.8284    158.26077   1387.71589   1015.25649    -78.22040    152.93227      2.76663    166.8    172.6     -4.2      4.4    477.5     75.3    177.2    208.1   3.10902   0.39508  41.34874
     233 2023  7  7  0  7 29 769  1.8272    158.25930   1387.05915   1015.27347    -77.62179    153.36850      2.74416    166.8    172.6     -4.1      4.4    477.3     75.3    177.2    208.1   3.10888   0.39508  41.34810
     234 2023  7  7  0  7 31 595  1.8260    158.25752   1386.38318   1015.29117    -76.98457    154.27543      2.72142    166.8    172.6     -4.0      4.5    477.0     75.4    177.2    208.1   3.10875   0.39508  41.34742
     235 2023  7  7  0  7 33 420  1.8247    158.25564   1385.68954   1015.30963    -76.37347    154.96686      2.69838    166.8    172.6     -3.9      4.5    476.8     75.4    177.2    208.1   3.10862   0.39508  41.34679
     236 2023  7  7  0  7 35 243  1.8235    158.25392   1384.97983   1015.32888    -75.60242    155.43713      2.67506    166.8    172.6     -3.8      4.5    476.5     75.5    177.2    208.1   3.10849   0.39508  41.34610
     237 2023  7  7  0  7 37  66  1.8222    158.25261   1384.25569   1015.34895    -74.64112    155.82992      2.65142    166.8    172.6     -3.7      4.6    476.3     75.6    177.2    208.1   3.10835   0.39508  41.34548
     238 2023  7  7  0  7 38 887  1.8210    158.25199   1383.51881   1015.36986    -74.14432    156.71321      2.62744    166.8    172.6     -3.6      4.6    476.0     75.6    177.2    208.1   3.10822   0.39508  41.34482
     239 2023  7  7  0  7 40 706  1.8192    158.25190   1382.77141   1015.39164    -75.43194    157.38470      2.60312    166.8    172.6     -3.5      4.7    475.7     75.7    177.2    208.1   3.10809   0.39508  41.34421
     240 2023  7  7  0  7 42 523  1.8173    158.25200   1382.01494   1015.41431    -76.58038    157.89184      2.57846    166.8    172.6     -3.4      4.7    475.5     75.7    177.2    208.1   3.10796   0.39508  41.34355
     241 2023  7  7  0  7 44 339  1.8155    158.25214   1381.25098   1015.43789    -77.57810    158.73720      2.55342    166.8    172.6     -3.3      4.7    475.2     75.8    177.2    208.1   3.10782   0.39508  41.34295
     242 2023  7  7  0  7 46 152  1.8136    158.25212   1380.48119   1015.46240    -78.41502    159.37924      2.52799    166.8    172.6     -3.2      4.8    475.0     75.9    177.2    208.1   3.10769   0.39508  41.34230
     243 2023  7  7  0  7 47 964  1.8119    158.25180   1379.70727   1015.48786    -79.07799    160.19030      2.50215    166.8    172.6     -3.1      4.8    474.7     75.9    177.2    208.1   3.10756   0.39508  41.34170
     244 2023  7  7  0  7 49 774  1.8101    158.25062   1378.93093   1015.51429    -79.55269    160.96186      2.47590    166.8    172.6     -3.0      4.8    474.5     76.0    177.2    208.1   3.10743   0.39508  41.34105
     245 2023  7  7  0  7 51 583  1.8084    158.24886   1378.15376   1015.54171    -79.83136    161.77370      2.44920    166.8    172.6     -2.9      4.9    474.2     76.0    177.2    208.1   3.10730   0.39508  41.34046
     246 2023  7  7  0  7 53 389  1.8068    158.24673   1377.37733   1015.57013    -79.91726    162.62571      2.42205    166.8    172.6     -2.8      4.9    474.0     76.1    177.2    208.1   3.10717   0.39508  41.33981
     247 2023  7  7  0  7 55 194  1.8051    158.24480   1376.60323   1015.59955    -79.81380    163.50121      2.39439    166.8    172.6     -2.7      4.9    473.7     76.2    177.2    208.1   3.10704   0.39508  41.33922
     248 2023  7  7  0  7 56 998  1.8036    158.24371   1375.83308   1015.63000    -79.93828    164.21635      2.36620    166.8    172.6     -2.6      5.0    473.5     76.2    177.2    208.1   3.10690   0.39508  41.33861
     249 2023  7  7  0  7 58 800  1.8021    158.24331   1375.06847   1015.66148    -81.25673    164.73616      2.33747    166.8    172.6     -2.5      5.0    473.2     76.3    177.2    208.1   3.10677   0.39508  41.33805
     250 2023  7  7  0  8  0 601  1.8006    158.24333   1374.31086   1015.69399    -82.44098    165.05896      2.30816    166.8    172.6     -2.4      5.0    473.0     76.3    177.2    208.1   3.10664   0.39508  41.33745
     251 2023  7  7  0  8  2 400  1.7992    158.24428   1373.56364   1015.72769    -83.47864    165.18730      2.27827    166.8    172.6     -2.2      5.0    472.9     76.4    184.2    217.7   3.10651   0.39508  41.33702
     252 2023  7  7  0  8  4 414  2.0142    158.24577   1372.55652   1015.76613    -84.47163    165.11040      2.24305    166.8    172.6     -2.1      4.9    472.7     76.4    184.2    217.7   3.10637   0.39508  41.33636
     253 2023  7  7  0  8  6 426  2.0123    158.24789   1371.62027   1015.80465    -85.24657    164.79122      2.20474    166.8    172.6     -1.9      4.9    472.6     76.4    184.2    217.7   3.10622   0.39508  41.33580
     254 2023  7  7  0  8  8 437  2.0105    158.24990   1370.68988   1015.84433    -85.78712    164.23671      2.16648    166.8    172.6     -1.8      4.8    472.4     76.5    184.2    217.7   3.10607   0.39508  41.33512
     255 2023  7  7  0  8 10 446  2.0089    158.25144   1369.76899   1015.88521    -86.08574    163.45269      2.12844    166.8    172.6     -1.6      4.7    472.3     76.5    184.2    217.7   3.10593   0.39508  41.33451
     256 2023  7  7  0  8 12 453  2.0073    158.25231   1368.86014   1015.92730    -86.13353    162.44501      2.09045    166.8    172.6     -1.5      4.7    472.1     76.6    184.2    217.7   3.10578   0.39508  41.33382
     257 2023  7  7  0  8 14 459  2.0058    158.25254   1367.96536   1015.97058    -85.92642    161.21953      2.05229    166.8    172.6     -1.3      4.6    471.9     76.6    184.2    217.7   3.10563   0.39508  41.33320
     258 2023  7  7  0  8 16 463  2.0045    158.25244   1367.08630   1016.01504    -85.47388    159.78265      2.01376    166.8    172.6     -1.1      4.6    471.8     76.7    184.2    217.7   3.10549   0.39508  41.33252
     259 2023  7  7  0  8 18 467  2.0032    158.25211   1366.22449   1016.06064    -84.81379    158.18364      1.97473    166.8    172.6     -1.0      4.5    471.6     76.7    184.2    217.7   3.10534   0.39508  41.33191
     260 2023  7  7  0  8 20 469  2.0020    158.25185   1365.38136   1016.10735    -86.00101    156.38525      1.93514    166.8    172.6     -0.8      4.4    471.5     76.7    184.2    217.7   3.10520   0.39508  41.33125
     261 2023  7  7  0  8 22 470  2.0010    158.25186   1365.88534   1016.15512    -87.00167    154.39326      1.89493    166.8    172.6     -0.7      4.4    471.3     76.8    184.2    217.7   3.10505   0.39508  41.33066
     262 2023  7  7  0  8 24 470  2.0000    158.25233   1366.67402   1016.20391    -87.80337    152.21343      1.85408    166.8    172.6     -0.5      4.3    471.2     76.8    184.2    217.7   3.10491   0.39508  41.33002
     263 2023  7  7  0  8 26 469  1.9992    158.25349   1367.34433   1016.25366    -88.39607    149.85084      1.81257    166.8    172.6     -0.4      4.3    471.0     76.9    184.2    217.7   3.10476   0.39508  41.32945
     264 2023  7  7  0  8 28 467  1.9984    158.25526   1367.90139   1016.30433    -88.77021    147.31142      1.77038    166.8    172.6     -0.2      4.2    470.9     76.9    184.2    217.7   3.10462   0.39508  41.32883
     265 2023  7  7  0  8 30 465  1.9978    158.25739   1368.34515   1016.35583    -88.92586    144.61708      1.72754    166.8    172.6     -0.1      4.2    470.7     77.0    184.2    217.7   3.10447   0.39508  41.32829
     266 2023  7  7  0  8 32 462  1.9972    158.25962   1368.67653   1016.40811    -88.85636    141.79493      1.68406    166.8    172.6      0.1      4.1    470.5     77.0    184.2    217.7   3.10433   0.39508  41.32770
     267 2023  7  7  0  8 34 459  1.9968    158.26154   1368.88375   1016.46108    -88.53178    138.81444      1.63997    166.8    172.6      0.2      4.0    470.4     77.0    184.2    217.7   3.10418   0.39508  41.32718
     268 2023  7  7  0  8 36 456  1.9965    158.26236   1368.95806   1016.51466    -87.96126    135.68063      1.59529    166.8    172.6      0.4      4.0    470.2     77.1    184.2    217.7   3.10403   0.39508  41.32662
     269 2023  7  7  0  8 38 452  1.9962    158.26278   1368.91432   1016.56876    -87.15492    132.41406      1.55005    166.8    172.6      0.5      3.9    470.1     77.1    184.2    217.7   3.10389   0.39508  41.32613
     270 2023  7  7  0  8 40 448  1.9961    158.26295   1368.83929   1016.62330    -88.17983    129.04927      1.50426    166.8    172.6      0.7      3.9    469.9     77.2    184.2    217.7   3.10374   0.39508  41.32559
     271 2023  7  7  0  8 42 444  1.9960    158.26278   1368.73745   1016.67816    -89.09137    125.54896      1.45798    166.8    172.6      0.8      3.8    469.8     77.2    184.2    217.7   3.10360   0.39508  41.32513
     272 2023  7  7  0  8 44 440  1.9961    158.26231   1368.84813   1016.73324    -89.81089    121.95435      1.41123    166.8    172.6      1.0      3.8    469.6     77.2    184.2    217.7   3.10345   0.39508  41.32463
     273 2023  7  7  0  8 46 436  1.9962    158.26206   1369.15164   1016.78845    -90.32982    118.26181      1.36405    166.8    172.6      1.1      3.7    469.5     77.3    184.2    217.7   3.10331   0.39508  41.32420
     274 2023  7  7  0  8 48 433  1.9965    158.26227   1369.36709   1016.84366    -90.64107    114.56170      1.31645    166.8    172.6      1.3      3.6    469.3     77.3    184.2    217.7   3.10316   0.39508  41.32372
     275 2023  7  7  0  8 50 430  1.9968    158.26267   1369.49268   1016.89876    -90.72936    111.04807      1.26845    166.8    172.6      1.4      3.6    469.2     77.4    184.2    217.7   3.10302   0.39508  41.32332
     276 2023  7  7  0  8 52 427  1.9973    158.26319   1369.50592   1016.95363    -90.58779    107.45456      1.22007    166.8    172.6      1.6      3.5    469.0     77.4    184.2    217.7   3.10287   0.39508  41.32288
     277 2023  7  7  0  8 54 425  1.9978    158.26378   1369.44091   1017.00814    -90.20771    104.37554      1.17130    166.8    172.6      1.7      3.5    468.9     77.5    184.2    217.7   3.10273   0.39508  41.32250
     278 2023  7  7  0  8 56 423  1.9984    158.26468   1369.35342   1017.06216    -89.59744    101.97500      1.12214    166.8    172.6      1.9      3.4    468.7     77.5    184.2    217.7   3.10258   0.39508  41.32209
     279 2023  7  7  0  8 58 422  1.9991    158.26550   1369.23123   1017.11557    -88.76832     99.48175      1.07260    166.8    172.6      2.0      3.4    468.6     77.5    184.2    217.7   3.10244   0.39508  41.32174
     280 2023  7  7  0  9  0 422  1.9999    158.26594   1369.06725   1017.16823    -89.36670     96.90058      1.02268    166.8    172.6      2.2      3.3    468.4     77.6    184.2    217.7   3.10229   0.39508  41.32128
     281 2023  7  7  0  9  2 423  2.0008    158.26602   1368.85472   1017.22000    -90.23611     94.23682      0.97241    166.8    172.6      2.2      3.3    468.2     77.6    184.2    217.7   3.10215   0.39508  41.32061
     282 2023  7  7  0  9  4 630  2.2070    158.26599   1368.49030   1017.27672    -90.98345     91.20656      0.92582    166.8    172.6      2.1      3.4    467.9     77.5    184.2    217.7   3.10199   0.39508  41.31981
     283 2023  7  7  0  9  6 838  2.2086    158.26725   1368.43699   1017.33126    -91.49683     88.09009      0.87363    166.8    172.6      2.1      3.4    467.6     77.5    184.2    217.7   3.10183   0.39508  41.31909
     284 2023  7  7  0  9  9  49  2.2104    158.26944   1368.40397   1017.38424    -91.77144     84.90206      0.81903    166.8    172.6      2.1      3.4    467.3     77.5    184.2    217.7   3.10166   0.39508  41.31832
     285 2023  7  7  0  9 11 261  2.2123    158.27227   1368.30619   1017.43546    -91.79482     81.78136      0.76328    166.8    172.6      2.1      3.4    467.1     77.5    184.2    217.7   3.10150   0.39508  41.31763
     286 2023  7  7  0  9 13 475  2.2142    158.27527   1368.15148   1017.48474    -91.55423     78.59545      0.70673    166.8    172.6      2.1      3.4    466.8     77.5    184.2    217.7   3.10134   0.39508  41.31689
     287 2023  7  7  0  9 15 692  2.2163    158.27786   1367.91043   1017.53190    -91.04789     75.35149      0.64954    166.8    172.6      2.1      3.5    466.5     77.4    184.2    217.7   3.10118   0.39508  41.31623
     288 2023  7  7  0  9 17 910  2.2185    158.27954   1367.58017   1017.57677    -90.29143     72.62666      0.59177    166.8    172.6      2.1      3.5    466.3     77.4    184.2    217.7   3.10102   0.39508  41.31552
     289 2023  7  7  0  9 20 131  2.2208    158.27998   1367.60844   1017.61918    -90.91882     70.07118      0.53347    166.8    172.6      2.1      3.5    466.0     77.4    184.2    217.7   3.10086   0.39508  41.31489
     290 2023  7  7  0  9 22 354  2.2232    158.27966   1367.58732   1017.65895    -91.79680     67.47494      0.47468    166.8    172.6      2.1      3.5    465.7     77.4    184.2    217.7   3.10070   0.39508  41.31420
     291 2023  7  7  0  9 24 580  2.2257    158.27871   1367.48876   1017.69595    -92.45502     64.84298      0.41543    166.8    172.6      2.0      3.5    465.4     77.4    184.2    217.7   3.10054   0.39508  41.31359
     292 2023  7  7  0  9 26 808  2.2282    158.27708   1367.31301   1017.73002    -92.88823     62.19931      0.35574    166.8    172.6      2.0      3.6    465.2     77.3    184.2    217.7   3.10037   0.39508  41.31293
     293 2023  7  7  0  9 29  39  2.2308    158.27552   1367.07402   1017.76102    -93.09352     59.65072      0.29563    166.8    172.6      2.0      3.6    464.9     77.3    184.2    217.7   3.10021   0.39508  41.31234
     294 2023  7  7  0  9 31 272  2.2335    158.27473   1366.89643   1017.78883    -93.06262     57.35160      0.23509    166.8    172.6      2.0      3.6    464.6     77.3    184.2    217.7   3.10005   0.39508  41.31170
     295 2023  7  7  0  9 33 509  2.2363    158.27486   1366.85146   1017.81334    -92.79868     57.03404      0.17413    166.8    172.6      2.0      3.6    464.4     77.3    184.2    217.7   3.09989   0.39508  41.31113
     296 2023  7  7  0  9 35 748  2.2391    158.27537   1366.74253   1017.83443    -92.29412     56.60888      0.11275    166.8    172.6      2.0      3.6    464.1     77.3    184.2    217.7   3.09972   0.39508  41.31051
     297 2023  7  7  0  9 37 990  2.2420    158.27637   1366.57060   1017.85201    -92.56324     56.15840      0.05098    166.8    172.6      2.0      3.7    463.8     77.2    184.2    217.7   3.09956   0.39508  41.30995
     298 2023  7  7  0  9 40 235  2.2449    158.27760   1366.32897   1017.86602    -93.40827     55.60559     -0.01116    166.8    172.6      2.0      3.7    463.6     77.2    184.2    217.7   3.09940   0.39508  41.30935
     299 2023  7  7  0  9 42 483  2.2479    158.27859   1366.02301   1017.87637    -94.03995     54.95117     -0.07360    166.8    172.6      2.0      3.7    463.3     77.2    184.2    217.7   3.09923   0.39508  41.30881
     300 2023  7  7  0  9 44 734  2.2509    158.27897   1365.84600   1017.88302    -94.45548     54.19824     -0.13631    166.8    172.6      1.9      3.7    463.1     77.2    184.2    217.7   3.09907   0.39508  41.30822
     301 2023  7  7  0  9 46 987  2.2540    158.27866   1365.66932   1017.88594    -94.65439     53.35014     -0.19924    166.8    172.6      1.9      3.8    462.8     77.2    184.2    217.7   3.09891   0.39508  41.30769
     302 2023  7  7  0  9 49 245  2.2571    158.27786   1365.43546   1017.88510    -94.63711     52.41046     -0.26231    166.8    172.6      1.9      3.8    462.5     77.2    184.2    217.7   3.09874   0.39508  41.30711
     303 2023  7  7  0  9 51 505  2.2602    158.27687   1365.14224   1017.88049    -94.38977     51.38297     -0.32547    166.8    172.6      1.9      3.8    462.3     77.1    184.2    217.7   3.09858   0.39508  41.30659
     304 2023  7  7  0  9 53 768  2.2633    158.27612   1364.79626   1017.87212    -94.45098     50.27161     -0.38866    166.8    172.6      1.9      3.8    462.0     77.1    184.2    217.7   3.09841   0.39508  41.30602
     305 2023  7  7  0  9 56  34  2.2664    158.27572   1364.42986   1017.86002    -95.20936     49.08040     -0.45185    166.8    172.6      1.9      3.8    461.7     77.1    184.2    217.7   3.09825   0.39508  41.30550
     306 2023  7  7  0  9 58 304  2.2696    158.27565   1364.16610   1017.84424    -95.75829     47.81357     -0.51495    166.8    172.6      1.9      3.9    461.5     77.1    184.2    217.7   3.09808   0.39508  41.30494
     307 2023  7  7  0 10  0 577  2.2728    158.27635   1363.84940   1017.82482    -96.09666     46.47546     -0.57791    166.8    172.6      1.9      3.9    461.2     77.1    184.2    217.7   3.09792   0.39508  41.30443
     308 2023  7  7  0 10  2 853  2.2759    158.27746   1363.49154   1017.80192    -96.22569     46.05919     -0.64062    166.8    172.6      2.1      3.8    460.8     77.0    186.1    219.7   3.09775   0.39508  41.30391
     309 2023  7  7  0 10  5 135  2.2825    158.27843   1363.06450   1017.77543    -96.14721     45.71247     -0.70287    166.8    172.6      2.3      3.7    460.4     77.0    186.1    219.7   3.09759   0.39508  41.30341
     310 2023  7  7  0 10  7 421  2.2853    158.27878   1362.69281   1017.74553    -96.44431     45.54672     -0.76489    166.8    172.6      2.5      3.6    460.0     77.0    186.1    219.7   3.09742   0.39508  41.30277
     311 2023  7  7  0 10  9 709  2.2881    158.27839   1362.48879   1017.71237    -97.03665     45.48470     -0.82646    166.8    172.6      2.7      3.5    459.6     76.9    186.1    219.7   3.09725   0.39508  41.30227
     312 2023  7  7  0 10 12   0  2.2909    158.27775   1362.23925   1017.67609    -97.41937     45.98310     -0.88746    166.8    172.6      2.9      3.4    459.3     76.9    186.1    219.7   3.09709   0.39508  41.30171
     313 2023  7  7  0 10 14 293  2.2937    158.27685   1361.99672   1017.63684    -97.59352     46.42853     -0.94780    166.8    172.6      3.1      3.3    458.9     76.9    186.1    219.7   3.09692   0.39508  41.30125
     314 2023  7  7  0 10 16 590  2.2965    158.27590   1361.77594   1017.59478    -97.75101     46.90823     -1.00738    166.8    172.6      3.3      3.2    458.6     76.8    186.1    219.7   3.09675   0.39508  41.30072
     315 2023  7  7  0 10 18 889  2.2992    158.27516   1361.50683   1017.55008    -98.31931     47.41200     -1.06610    166.8    172.6      3.5      3.1    458.2     76.8    186.1    219.7   3.09659   0.39508  41.30027
     316 2023  7  7  0 10 21 191  2.3018    158.27462   1361.25036   1017.50291    -98.67409     47.85520     -1.12387    166.8    172.6      3.7      3.0    457.9     76.8    186.1    219.7   3.09642   0.39508  41.29976
     317 2023  7  7  0 10 23 495  2.3045    158.27438   1361.00547   1017.45349    -98.99096     48.23498     -1.18058    166.8    172.6      3.9      2.9    457.6     76.7    186.1    219.7   3.09625   0.39508  41.29931
     318 2023  7  7  0 10 25 802  2.3070    158.27460   1360.76279   1017.40199    -99.48711     48.54887     -1.23614    166.8    172.6      4.1      2.8    457.3     76.7    186.1    219.7   3.09608   0.39508  41.29880
     319 2023  7  7  0 10 28 112  2.3095    158.27542   1360.54577   1017.34863    -99.88786     48.79471     -1.29046    166.8    172.6      4.3      2.7    457.0     76.7    186.1    219.7   3.09592   0.39508  41.29834
     320 2023  7  7  0 10 30 424  2.3120    158.27628   1360.38991   1017.29363   -100.34673     48.97062     -1.34344    166.8    172.6      4.5      2.6    456.7     76.6    186.1    219.7   3.09575   0.39508  41.29783
     321 2023  7  7  0 10 32 738  2.3143    158.27664   1360.42226   1017.23720   -100.87900     49.07499     -1.39501    166.8    172.6      4.7      2.5    456.4     76.6    186.1    219.7   3.09558   0.39508  41.29737
     322 2023  7  7  0 10 35  55  2.3166    158.27622   1360.42506   1017.17956   -101.44880     49.10639     -1.44509    166.8    172.6      4.9      2.4    456.2     76.5    186.1    219.7   3.09541   0.39508  41.29681
     323 2023  7  7  0 10 37 374  2.3188    158.27503   1360.39209   1017.12096   -102.03042     49.06316     -1.49359    166.8    172.6      5.1      2.4    455.9     76.5    186.1    219.7   3.09524   0.39508  41.29630
     324 2023  7  7  0 10 39 695  2.3209    158.27338   1360.32313   1017.06161   -102.40499     48.94210     -1.54042    166.8    172.6      5.3      2.3    455.6     76.5    186.1    219.7   3.09507   0.39508  41.29574
     325 2023  7  7  0 10 42  18  2.3230    158.27179   1360.21801   1017.00175   -102.55068     48.74403     -1.58553    166.8    172.6      5.5      2.2    455.4     76.4    186.1    219.7   3.09490   0.39508  41.29522
     326 2023  7  7  0 10 44 342  2.3249    158.27082   1360.07676   1016.94160   -102.47316     48.46954     -1.62883    166.8    172.6      5.7      2.1    455.2     76.4    186.1    219.7   3.09473   0.39508  41.29464
     327 2023  7  7  0 10 46 669  2.3267    158.27071   1359.89948   1016.88141   -102.17781     48.11936     -1.67029    166.8    172.6      5.9      2.0    455.0     76.4    186.1    219.7   3.09457   0.39508  41.29411
     328 2023  7  7  0 10 48 997  2.3284    158.27101   1359.68664   1016.82140   -101.68143     47.69439     -1.70984    166.8    172.6      6.1      1.9    454.8     76.3    186.1    219.7   3.09440   0.39508  41.29351
     329 2023  7  7  0 10 51 328  2.3300    158.27195   1359.43864   1016.76179   -101.07885     47.19577     -1.74743    166.8    172.6      6.3      1.8    454.6     76.3    186.1    219.7   3.09423   0.39508  41.29297
     330 2023  7  7  0 10 53 659  2.3315    158.27332   1359.15632   1016.70280   -100.28024     46.62488     -1.78305    166.8    172.6      6.5      1.7    454.4     76.3    186.1    219.7   3.09406   0.39508  41.29236
     331 2023  7  7  0 10 55 992  2.3329    158.27452   1358.84082   1016.64465    -99.29455     45.98337     -1.81663    166.8    172.6      6.7      1.6    454.2     76.2    186.1    219.7   3.09389   0.39508  41.29176
     332 2023  7  7  0 10 58 326  2.3342    158.27501   1358.49330   1016.58755    -98.13184     45.27317     -1.84817    166.8    172.6      6.9      1.5    454.0     76.2    186.1    219.7   3.09372   0.39508  41.29111
     333 2023  7  7  0 11  0 661  2.3353    158.27487   1358.11394   1016.53171    -96.80309     44.55693     -1.87760    166.8    172.6      7.1      1.4    453.9     76.2    186.1    219.7   3.09355   0.39508  41.29051
     334 2023  7  7  0 11  2 998  2.3363    158.27452   1357.70501   1016.47730    -95.31974     43.86831     -1.90492    166.8    172.6      7.1      1.5    453.9     76.1    186.1    219.7   3.09338   0.39508  41.28984
     335 2023  7  7  0 11  5 211  2.2134    158.27423   1357.42921   1016.42888    -93.78769     43.16474     -1.93512    166.8    172.6      7.0      1.6    453.9     76.1    186.1    219.7   3.09322   0.39508  41.28926
     336 2023  7  7  0 11  7 425  2.2141    158.27385   1357.29027   1016.38330    -92.14041     42.40991     -1.95795    166.8    172.6      7.0      1.6    453.9     76.1    186.1    219.7   3.09306   0.39508  41.28861
     337 2023  7  7  0 11  9 640  2.2147    158.27359   1357.13596   1016.33976    -90.38724     41.60481     -1.97785    166.8    172.6      7.0      1.7    453.9     76.0    186.1    219.7   3.09290   0.39508  41.28801
     338 2023  7  7  0 11 11 855  2.2152    158.27356   1356.96525   1016.29827    -88.53877     40.75175     -1.99553    166.8    172.6      7.0      1.8    453.9     76.0    186.1    219.7   3.09273   0.39508  41.28735
     339 2023  7  7  0 11 14  71  2.2155    158.27413   1356.77841   1016.25892    -86.60558     39.85333     -2.01120    166.8    172.6      7.0      1.8    453.9     76.0    186.1    219.7   3.09257   0.39508  41.28674
     340 2023  7  7  0 11 16 286  2.2158    158.27512   1356.57653   1016.22182    -84.59825     38.91228     -2.02492    166.8    172.6      7.0      1.9    453.9     76.0    186.1    219.7   3.09241   0.39508  41.28607
     341 2023  7  7  0 11 18 502  2.2160    158.27612   1356.47655   1016.18703    -82.52845     37.93145     -2.03672    166.8    172.6      7.0      2.0    453.9     75.9    186.1    219.7   3.09225   0.39508  41.28544
     342 2023  7  7  0 11 20 719  2.2161    158.27676   1356.41840   1016.15467    -80.41397     36.91354     -2.04663    166.8    172.6      7.0      2.0    453.9     75.9    186.1    219.7   3.09209   0.39508  41.28475
     343 2023  7  7  0 11 22 935  2.2162    158.27682   1356.34723   1016.12480    -78.25476     35.86064     -2.05466    166.8    172.6      7.0      2.1    453.9     75.9    186.1    219.7   3.09193   0.39508  41.28411
     344 2023  7  7  0 11 25 151  2.2161    158.27657   1356.26421   1016.09751    -76.06123     34.77628     -2.06084    166.8    172.6      7.0      2.2    453.9     75.8    186.1    219.7   3.09177   0.39508  41.28341
     345 2023  7  7  0 11 27 367  2.2159    158.27587   1356.17064   1016.07286    -73.84327     33.66348     -2.06520    166.8    172.6      6.9      2.2    453.9     75.8    186.1    219.7   3.09161   0.39508  41.28276
     346 2023  7  7  0 11 29 582  2.2157    158.27501   1356.06777   1016.05091    -71.61051     32.52481     -2.06777    166.8    172.6      6.9      2.3    453.9     75.8    186.1    219.7   3.09144   0.39508  41.28205
     347 2023  7  7  0 11 31 798  2.2154    158.27439   1355.95682   1016.03172    -69.37294     31.36407     -2.06859    166.8    172.6      6.9      2.3    453.9     75.7    186.1    219.7   3.09128   0.39508  41.28138
     348 2023  7  7  0 11 34  13  2.2150    158.27426   1355.83910   1016.01533    -67.13972     30.18479     -2.06769    166.8    172.6      6.9      2.4    453.9     75.7    186.1    219.7   3.09112   0.39508  41.28066
     349 2023  7  7  0 11 36 227  2.2146    158.27458   1355.71584   1016.00177    -64.91954     28.99037     -2.06512    166.8    172.6      6.9      2.5    453.9     75.7    186.1    219.7   3.09096   0.39508  41.27999
     350 2023  7  7  0 11 38 441  2.2140    158.27553   1355.58842   1015.99108    -62.72056     27.78418     -2.06093    166.8    172.6      6.9      2.5    453.9     75.6    186.1    219.7   3.09080   0.39508  41.27926
     351 2023  7  7  0 11 40 655  2.2135    158.27684   1355.45942   1015.98326    -60.55046     26.56956     -2.05513    166.8    172.6      6.9      2.6    453.9     75.6    186.1    219.7   3.09064   0.39508  41.27859
     352 2023  7  7  0 11 42 868  2.2129    158.27808   1355.32861   1015.97833    -58.41641     25.35209     -2.04779    166.8    172.6      6.9      2.7    453.9     75.6    186.1    219.7   3.09048   0.39508  41.27787
     353 2023  7  7  0 11 45  80  2.2122    158.27891   1355.19692   1015.97629    -56.32694     24.24852     -2.03894    166.8    172.6      6.9      2.7    453.9     75.5    186.1    219.7   3.09032   0.39508  41.27720
     354 2023  7  7  0 11 47 291  2.2115    158.27910   1355.06542   1015.97715    -54.29414     23.14689     -2.02864    166.8    172.6      6.9      2.8    453.9     75.5    186.1    219.7   3.09016   0.39508  41.27647
     355 2023  7  7  0 11 49 502  2.2107    158.27901   1354.93515   1015.98088    -52.31690     22.04930     -2.01692    166.8    172.6      6.8      2.8    453.9     75.5    186.1    219.7   3.09000   0.39508  41.27579
     356 2023  7  7  0 11 51 712  2.2099    158.27860   1354.80696   1015.98748    -50.40039     20.95829     -2.00385    166.8    172.6      6.8      2.9    453.9     75.4    186.1    219.7   3.08984   0.39508  41.27505
     357 2023  7  7  0 11 53 921  2.2091    158.27796   1354.68181   1015.99692    -48.54918     19.87648     -1.98946    166.8    172.6      6.8      3.0    453.9     75.4    186.1    219.7   3.08967   0.39508  41.27437
     358 2023  7  7  0 11 56 130  2.2083    158.27743   1354.56063   1016.00917    -46.76731     18.80644     -1.97382    166.8    172.6      6.8      3.0    453.9     75.4    186.1    219.7   3.08951   0.39508  41.27363
     359 2023  7  7  0 11 58 337  2.2074    158.27725   1354.44411   1016.02419    -45.05821     17.75100     -1.95695    166.8    172.6      6.8      3.1    453.9     75.3    186.1    219.7   3.08935   0.39508  41.27293
