File created by python code using SuperMAGGetIndices

============================================================
<year>  <month>  <day>  <hour>  <min>  <sec>  <SME (nT)>  <SML (nT)>  <SMU (nT)>
2023  07  07  00  00  00   584.41  -280.40   304.01
2023  07  07  00  01  00   602.03  -285.53   316.50
2023  07  07  00  02  00   621.72  -296.43   325.29
2023  07  07  00  03  00   638.12  -309.29   328.83
2023  07  07  00  04  00   640.78  -307.44   333.34
2023  07  07  00  05  00   642.70  -310.37   332.33
2023  07  07  00  06  00   642.65  -306.79   335.86
2023  07  07  00  07  00   641.00  -298.71   342.29
2023  07  07  00  08  00   660.36  -313.99   346.37
2023  07  07  00  09  00   672.76  -322.43   350.33
2023  07  07  00  10  00   667.72  -318.91   348.81
2023  07  07  00  11  00   659.14  -315.80   343.34
2023  07  07  00  12  00   650.71  -314.93   335.78
2023  07  07  00  13  00   643.66  -313.68   329.98
2023  07  07  00  14  00   635.04  -311.24   323.80
2023  07  07  00  15  00   626.75  -308.68   318.07
2023  07  07  00  16  00   628.71  -307.77   320.93
2023  07  07  00  17  00   631.16  -306.29   324.87
2023  07  07  00  18  00   637.51  -310.82   326.68
2023  07  07  00  19  00   649.62  -318.76   330.86
2023  07  07  00  20  00   656.30  -328.50   327.79
2023  07  07  00  21  00   638.02  -316.91   321.11
2023  07  07  00  22  00   624.61  -301.68   322.93
2023  07  07  00  23  00   611.21  -288.04   323.17
2023  07  07  00  24  00   600.05  -277.99   322.06
2023  07  07  00  25  00   599.27  -277.26   322.01
2023  07  07  00  26  00   602.84  -287.79   315.05
2023  07  07  00  27  00   610.89  -298.59   312.30
2023  07  07  00  28  00   615.65  -305.47   310.18
2023  07  07  00  29  00   618.86  -312.58   306.28
2023  07  07  00  30  00   609.72  -308.11   301.62
2023  07  07  00  31  00   592.01  -299.02   292.99
2023  07  07  00  32  00   579.43  -290.15   289.28
2023  07  07  00  33  00   569.99  -284.52   285.46
2023  07  07  00  34  00   559.94  -283.14   276.80
2023  07  07  00  35  00   555.46  -296.65   258.81
2023  07  07  00  36  00   564.16  -309.12   255.04
2023  07  07  00  37  00   564.34  -306.25   258.09
2023  07  07  00  38  00   542.83  -284.99   257.84
2023  07  07  00  39  00   541.67  -280.15   261.51
2023  07  07  00  40  00   539.10  -277.65   261.45
2023  07  07  00  41  00   519.04  -266.38   252.67
2023  07  07  00  42  00   495.41  -253.06   242.34
2023  07  07  00  43  00   487.56  -249.90   237.66
2023  07  07  00  44  00   483.94  -246.37   237.56
2023  07  07  00  45  00   483.87  -248.62   235.24
2023  07  07  00  46  00   474.82  -245.51   229.31
2023  07  07  00  47  00   458.67  -233.90   224.77
2023  07  07  00  48  00   451.44  -227.19   224.24
2023  07  07  00  49  00   447.13  -227.45   219.68
2023  07  07  00  50  00   433.07  -223.56   209.51
2023  07  07  00  51  00   405.79  -212.98   192.81
2023  07  07  00  52  00   393.11  -214.42   178.70
2023  07  07  00  53  00   389.87  -220.46   169.41
2023  07  07  00  54  00   376.64  -218.60   158.04
2023  07  07  00  55  00   370.99  -215.77   155.21
2023  07  07  00  56  00   368.87  -209.19   159.67
2023  07  07  00  57  00   335.26  -176.44   158.82
2023  07  07  00  58  00   316.34  -162.63   153.71
2023  07  07  00  59  00   310.13  -160.97   149.16
2023  07  07  01  00  00   302.56  -152.44   150.11
2023  07  07  01  01  00   311.82  -161.40   150.42
2023  07  07  01  02  00   325.09  -176.62   148.46
2023  07  07  01  03  00   328.06  -180.23   147.83
2023  07  07  01  04  00   321.16  -174.97   146.19
2023  07  07  01  05  00   312.42  -166.68   145.74
2023  07  07  01  06  00   314.83  -160.61   154.23
2023  07  07  01  07  00   308.99  -151.85   157.13
2023  07  07  01  08  00   298.38  -148.53   149.85
2023  07  07  01  09  00   300.51  -149.69   150.82
2023  07  07  01  10  00   290.62  -143.35   147.27
2023  07  07  01  11  00   295.51  -145.84   149.67
2023  07  07  01  12  00   298.11  -143.74   154.36
2023  07  07  01  13  00   309.91  -154.31   155.60
2023  07  07  01  14  00   311.28  -156.49   154.78
2023  07  07  01  15  00   301.56  -151.95   149.61
2023  07  07  01  16  00   287.72  -142.68   145.04
2023  07  07  01  17  00   278.62  -137.62   141.00
2023  07  07  01  18  00   267.27  -129.57   137.70
2023  07  07  01  19  00   259.22  -120.43   138.79
2023  07  07  01  20  00   256.26  -115.46   140.80
2023  07  07  01  21  00   245.41  -106.74   138.67
2023  07  07  01  22  00   247.62  -105.98   141.64
2023  07  07  01  23  00   270.66  -112.82   157.84
2023  07  07  01  24  00   282.40  -110.80   171.60
2023  07  07  01  25  00   309.69  -113.23   196.46
2023  07  07  01  26  00   338.90  -109.18   229.71
2023  07  07  01  27  00   369.07  -123.17   245.90
2023  07  07  01  28  00   387.13  -126.98   260.15
2023  07  07  01  29  00   416.90  -138.20   278.69
2023  07  07  01  30  00   435.56  -136.93   298.63
2023  07  07  01  31  00   460.08  -142.67   317.41
2023  07  07  01  32  00   476.85  -149.64   327.21
2023  07  07  01  33  00   457.22  -145.77   311.46
2023  07  07  01  34  00   430.76  -139.51   291.26
2023  07  07  01  35  00   413.33  -137.33   276.00
2023  07  07  01  36  00   387.61  -140.58   247.04
2023  07  07  01  37  00   359.88  -137.83   222.05
2023  07  07  01  38  00   363.20  -157.52   205.68
2023  07  07  01  39  00   350.74  -161.00   189.74
2023  07  07  01  40  00   352.85  -161.60   191.25
2023  07  07  01  41  00   365.66  -170.76   194.90
2023  07  07  01  42  00   353.97  -157.60   196.38
2023  07  07  01  43  00   350.57  -161.33   189.24
2023  07  07  01  44  00   344.55  -166.59   177.96
2023  07  07  01  45  00   357.74  -182.84   174.90
2023  07  07  01  46  00   360.67  -186.94   173.74
2023  07  07  01  47  00   361.55  -180.98   180.57
2023  07  07  01  48  00   363.70  -183.66   180.04
2023  07  07  01  49  00   363.69  -190.66   173.04
2023  07  07  01  50  00   364.43  -197.03   167.40
2023  07  07  01  51  00   373.82  -206.30   167.51
2023  07  07  01  52  00   365.52  -207.34   158.19
2023  07  07  01  53  00   366.66  -207.49   159.17
2023  07  07  01  54  00   363.97  -204.30   159.66
2023  07  07  01  55  00   358.20  -200.82   157.38
2023  07  07  01  56  00   342.89  -187.56   155.33
2023  07  07  01  57  00   328.62  -175.69   152.93
2023  07  07  01  58  00   382.45  -229.62   152.83
2023  07  07  01  59  00   421.44  -266.62   154.82
2023  07  07  02  00  00   452.66  -291.62   161.04
2023  07  07  02  01  00   465.46  -300.65   164.81
2023  07  07  02  02  00   461.32  -299.65   161.67
2023  07  07  02  03  00   472.28  -313.68   158.60
2023  07  07  02  04  00   474.86  -313.71   161.14
2023  07  07  02  05  00   475.05  -312.75   162.30
2023  07  07  02  06  00   467.03  -309.75   157.28
2023  07  07  02  07  00   446.96  -298.78   148.19
2023  07  07  02  08  00   428.31  -288.76   139.54
2023  07  07  02  09  00   415.74  -279.77   135.97
2023  07  07  02  10  00   404.89  -269.77   135.12
2023  07  07  02  11  00   383.84  -251.77   132.07
2023  07  07  02  12  00   365.75  -237.78   127.97
2023  07  07  02  13  00   351.31  -224.79   126.52
2023  07  07  02  14  00   335.32  -212.81   122.51
2023  07  07  02  15  00   320.07  -199.84   120.24
2023  07  07  02  16  00   308.43  -187.86   120.57
2023  07  07  02  17  00   300.39  -181.89   118.50
2023  07  07  02  18  00   291.69  -175.92   115.78
2023  07  07  02  19  00   286.88  -171.94   114.94
2023  07  07  02  20  00   287.10  -170.97   116.13
2023  07  07  02  21  00   286.35  -167.00   119.35
2023  07  07  02  22  00   285.19  -162.03   123.16
2023  07  07  02  23  00   293.77  -168.06   125.71
2023  07  07  02  24  00   288.74  -167.09   121.66
2023  07  07  02  25  00   280.37  -160.11   120.26
2023  07  07  02  26  00   276.18  -159.13   117.05
2023  07  07  02  27  00   262.33  -150.15   112.17
2023  07  07  02  28  00   248.69  -139.18   109.50
2023  07  07  02  29  00   248.75  -143.35   105.40
2023  07  07  02  30  00   249.56  -148.68   100.89
2023  07  07  02  31  00   251.55  -150.01   101.54
2023  07  07  02  32  00   255.32  -156.08    99.24
2023  07  07  02  33  00   256.38  -158.30    98.07
2023  07  07  02  34  00   250.22  -154.17    96.05
2023  07  07  02  35  00   235.41  -147.29    88.11
2023  07  07  02  36  00   224.99  -142.01    82.98
2023  07  07  02  37  00   220.00  -137.02    82.98
2023  07  07  02  38  00   216.40  -134.41    81.99
2023  07  07  02  39  00   216.21  -133.26    82.94
2023  07  07  02  40  00   216.14  -133.95    82.19
2023  07  07  02  41  00   214.96  -134.22    80.75
2023  07  07  02  42  00   217.81  -138.36    79.45
2023  07  07  02  43  00   213.02  -138.30    74.72
2023  07  07  02  44  00   208.74  -138.42    70.32
2023  07  07  02  45  00   207.67  -137.54    70.12
2023  07  07  02  46  00   203.86  -133.38    70.48
2023  07  07  02  47  00   201.58  -131.29    70.29
2023  07  07  02  48  00   202.13  -132.32    69.81
2023  07  07  02  49  00   199.59  -130.02    69.58
2023  07  07  02  50  00   196.28  -127.14    69.14
2023  07  07  02  51  00   199.45  -127.24    72.21
2023  07  07  02  52  00   195.55  -122.14    73.41
2023  07  07  02  53  00   196.22  -115.50    80.72
2023  07  07  02  54  00   210.24  -108.36   101.88
2023  07  07  02  55  00   232.68  -103.38   129.30
2023  07  07  02  56  00   248.28  -101.50   146.79
2023  07  07  02  57  00   260.03  -101.53   158.50
2023  07  07  02  58  00   269.13  -100.14   168.99
2023  07  07  02  59  00   276.42   -99.77   176.65
2023  07  07  03  00  00   294.34   -99.43   194.91
2023  07  07  03  01  00   294.86   -96.24   198.62
2023  07  07  03  02  00   292.73   -98.89   193.84
2023  07  07  03  03  00   272.63  -102.67   169.96
2023  07  07  03  04  00   254.77  -102.45   152.32
2023  07  07  03  05  00   241.93  -101.62   140.31
2023  07  07  03  06  00   237.42  -100.49   136.92
2023  07  07  03  07  00   229.11   -95.35   133.75
2023  07  07  03  08  00   213.67   -90.03   123.65
2023  07  07  03  09  00   202.67   -92.79   109.89
2023  07  07  03  10  00   203.52  -101.45   102.07
2023  07  07  03  11  00   199.37  -103.80    95.57
2023  07  07  03  12  00   194.74  -101.17    93.57
2023  07  07  03  13  00   191.69  -100.29    91.40
2023  07  07  03  14  00   194.33  -102.44    91.89
2023  07  07  03  15  00   195.24  -101.65    93.59
2023  07  07  03  16  00   184.98   -99.69    85.29
2023  07  07  03  17  00   179.02   -97.25    81.77
2023  07  07  03  18  00   173.84   -93.13    80.71
2023  07  07  03  19  00   174.77   -87.08    87.68
2023  07  07  03  20  00   178.88   -85.33    93.55
2023  07  07  03  21  00   188.04   -88.21    99.83
2023  07  07  03  22  00   199.13   -90.95   108.19
2023  07  07  03  23  00   198.04   -89.33   108.71
2023  07  07  03  24  00   197.61   -85.23   112.38
2023  07  07  03  25  00   205.77   -83.81   121.96
2023  07  07  03  26  00   209.30   -82.34   126.96
2023  07  07  03  27  00   200.53   -79.38   121.15
2023  07  07  03  28  00   196.77   -78.42   118.36
2023  07  07  03  29  00   200.05   -80.69   119.35
2023  07  07  03  30  00   197.48   -80.68   116.80
2023  07  07  03  31  00   190.41   -75.19   115.23
2023  07  07  03  32  00   174.39   -66.35   108.04
2023  07  07  03  33  00   164.37   -60.24   104.13
2023  07  07  03  34  00   164.99   -61.55   103.44
2023  07  07  03  35  00   169.87   -66.21   103.65
2023  07  07  03  36  00   169.79   -68.33   101.45
2023  07  07  03  37  00   166.61   -65.86   100.74
2023  07  07  03  38  00   170.05   -64.73   105.33
2023  07  07  03  39  00   174.99   -65.18   109.81
2023  07  07  03  40  00   176.99   -65.09   111.90
2023  07  07  03  41  00   175.37   -65.84   109.53
2023  07  07  03  42  00   176.66   -69.19   107.48
2023  07  07  03  43  00   170.72   -70.70   100.02
2023  07  07  03  44  00   164.83   -74.35    90.48
2023  07  07  03  45  00   158.95   -81.30    77.65
2023  07  07  03  46  00   158.24   -86.72    71.52
2023  07  07  03  47  00   161.74   -88.21    73.53
2023  07  07  03  48  00   153.81   -86.35    67.46
2023  07  07  03  49  00   150.30   -85.84    64.46
2023  07  07  03  50  00   159.09   -87.93    71.16
2023  07  07  03  51  00   163.81   -90.52    73.28
2023  07  07  03  52  00   159.93   -90.96    68.97
2023  07  07  03  53  00   158.89   -88.87    70.02
2023  07  07  03  54  00   160.95   -88.36    72.60
2023  07  07  03  55  00   169.00   -82.42    86.59
2023  07  07  03  56  00   167.16   -73.08    94.08
2023  07  07  03  57  00   177.04   -68.29   108.76
2023  07  07  03  58  00   182.78   -66.42   116.37
2023  07  07  03  59  00   210.46   -63.05   147.41
2023  07  07  04  00  00   236.34   -62.55   173.78
2023  07  07  04  01  00   258.25   -71.39   186.86
2023  07  07  04  02  00   286.16   -77.23   208.93
2023  07  07  04  03  00   304.53   -75.78   228.75
2023  07  07  04  04  00   305.87   -66.54   239.33
2023  07  07  04  05  00   306.69   -57.41   249.28
2023  07  07  04  06  00   300.04   -55.74   244.30
2023  07  07  04  07  00   300.78   -61.15   239.64
2023  07  07  04  08  00   294.18   -62.24   231.93
2023  07  07  04  09  00   296.03   -60.71   235.32
2023  07  07  04  10  00   289.90   -56.26   233.64
2023  07  07  04  11  00   274.71   -59.48   215.23
2023  07  07  04  12  00   254.15   -66.04   188.11
2023  07  07  04  13  00   246.23   -70.91   175.32
2023  07  07  04  14  00   240.50   -69.35   171.15
2023  07  07  04  15  00   234.48   -68.69   165.79
2023  07  07  04  16  00   247.23   -74.85   172.39
2023  07  07  04  17  00   252.83   -80.96   171.87
2023  07  07  04  18  00   247.45   -78.36   169.09
2023  07  07  04  19  00   228.92   -74.61   154.31
2023  07  07  04  20  00   229.11   -75.62   153.49
2023  07  07  04  21  00   240.51   -84.91   155.60
2023  07  07  04  22  00   236.21   -87.54   148.67
2023  07  07  04  23  00   225.38   -87.33   138.05
2023  07  07  04  24  00   218.69   -77.84   140.85
2023  07  07  04  25  00   202.71   -62.80   139.91
2023  07  07  04  26  00   191.08   -46.73   144.35
2023  07  07  04  27  00   189.85   -45.70   144.15
2023  07  07  04  28  00   193.50   -46.35   147.15
2023  07  07  04  29  00   191.35   -43.84   147.51
2023  07  07  04  30  00   189.68   -42.10   147.58
2023  07  07  04  31  00   185.41   -40.64   144.77
2023  07  07  04  32  00   181.52   -39.94   141.58
2023  07  07  04  33  00   179.13   -38.55   140.58
2023  07  07  04  34  00   177.14   -38.65   138.48
2023  07  07  04  35  00   171.88   -38.76   133.12
2023  07  07  04  36  00   171.63   -38.66   132.97
2023  07  07  04  37  00   170.07   -38.67   131.40
2023  07  07  04  38  00   167.48   -38.88   128.60
2023  07  07  04  39  00   167.11   -39.24   127.87
2023  07  07  04  40  00   169.78   -38.75   131.03
2023  07  07  04  41  00   167.14   -38.50   128.64
2023  07  07  04  42  00   162.16   -38.31   123.86
2023  07  07  04  43  00   153.91   -38.03   115.88
2023  07  07  04  44  00   148.24   -37.98   110.26
2023  07  07  04  45  00   147.43   -38.53   108.90
2023  07  07  04  46  00   149.02   -40.37   108.65
2023  07  07  04  47  00   149.55   -43.78   105.77
2023  07  07  04  48  00   155.95   -47.34   108.61
2023  07  07  04  49  00   157.83   -48.86   108.97
2023  07  07  04  50  00   164.46   -59.07   105.39
2023  07  07  04  51  00   169.44   -60.19   109.25
2023  07  07  04  52  00   160.99   -54.64   106.36
2023  07  07  04  53  00   152.75   -47.14   105.61
2023  07  07  04  54  00   149.38   -41.01   108.37
2023  07  07  04  55  00   157.66   -36.72   120.94
2023  07  07  04  56  00   156.46   -32.27   124.19
2023  07  07  04  57  00   161.53   -29.88   131.65
2023  07  07  04  58  00   169.72   -30.38   139.35
2023  07  07  04  59  00   171.72   -32.99   138.72
2023  07  07  05  00  00   172.65   -37.26   135.39
2023  07  07  05  01  00   173.77   -39.11   134.66
2023  07  07  05  02  00   170.45   -33.51   136.94
2023  07  07  05  03  00   172.74   -33.35   139.39
2023  07  07  05  04  00   166.58   -33.24   133.35
2023  07  07  05  05  00   171.29   -37.97   133.32
2023  07  07  05  06  00   182.48   -45.26   137.22
2023  07  07  05  07  00   194.57   -45.89   148.69
2023  07  07  05  08  00   204.12   -42.25   161.87
2023  07  07  05  09  00   231.78   -48.67   183.11
2023  07  07  05  10  00   238.90   -50.41   188.49
2023  07  07  05  11  00   248.95   -49.87   199.08
2023  07  07  05  12  00   267.11   -51.75   215.36
2023  07  07  05  13  00   277.86   -50.68   227.18
2023  07  07  05  14  00   292.06   -59.29   232.77
2023  07  07  05  15  00   308.23   -73.57   234.66
2023  07  07  05  16  00   319.67   -85.10   234.57
2023  07  07  05  17  00   326.02   -82.64   243.38
2023  07  07  05  18  00   326.19   -78.55   247.64
2023  07  07  05  19  00   326.99   -76.23   250.76
2023  07  07  05  20  00   326.00   -81.15   244.84
2023  07  07  05  21  00   325.98   -86.88   239.11
2023  07  07  05  22  00   323.99   -93.96   230.03
2023  07  07  05  23  00   318.23   -96.02   222.21
2023  07  07  05  24  00   318.36   -96.20   222.15
2023  07  07  05  25  00   316.21   -92.77   223.45
2023  07  07  05  26  00   311.22   -90.35   220.86
2023  07  07  05  27  00   310.74   -86.37   224.37
2023  07  07  05  28  00   322.41   -92.71   229.71
2023  07  07  05  29  00   331.99   -99.61   232.38
2023  07  07  05  30  00   329.06   -94.88   234.17
2023  07  07  05  31  00   338.00  -100.09   237.91
2023  07  07  05  32  00   351.07  -102.91   248.16
2023  07  07  05  33  00   357.18  -103.64   253.54
2023  07  07  05  34  00   359.28   -97.49   261.79
2023  07  07  05  35  00   347.25   -85.87   261.38
2023  07  07  05  36  00   354.35   -93.45   260.89
2023  07  07  05  37  00   362.30   -99.82   262.48
2023  07  07  05  38  00   361.75   -98.06   263.69
2023  07  07  05  39  00   362.29   -97.34   264.96
2023  07  07  05  40  00   360.99   -99.94   261.05
2023  07  07  05  41  00   367.05  -108.76   258.29
2023  07  07  05  42  00   361.65  -106.85   254.80
2023  07  07  05  43  00   364.80  -111.53   253.27
2023  07  07  05  44  00   361.70  -112.11   249.59
2023  07  07  05  45  00   376.40  -129.96   246.44
2023  07  07  05  46  00   347.47   -98.52   248.95
2023  07  07  05  47  00   368.45  -117.40   251.06
2023  07  07  05  48  00   433.38  -180.30   253.08
2023  07  07  05  49  00   471.59  -219.99   251.60
2023  07  07  05  50  00   487.31  -236.08   251.23
2023  07  07  05  51  00   480.64  -228.60   252.04
2023  07  07  05  52  00   470.81  -210.75   260.05
2023  07  07  05  53  00   536.82  -279.57   257.25
2023  07  07  05  54  00   556.88  -302.48   254.40
2023  07  07  05  55  00   578.25  -323.19   255.07
2023  07  07  05  56  00   605.66  -347.09   258.58
2023  07  07  05  57  00   614.97  -352.66   262.30
2023  07  07  05  58  00   617.85  -350.34   267.50
2023  07  07  05  59  00   631.54  -361.63   269.91
2023  07  07  06  00  00   625.24  -357.54   267.70
2023  07  07  06  01  00   641.94  -370.82   271.13
2023  07  07  06  02  00   642.97  -369.51   273.46
2023  07  07  06  03  00   653.07  -378.69   274.37
2023  07  07  06  04  00   651.85  -381.10   270.75
2023  07  07  06  05  00   654.58  -386.07   268.52
2023  07  07  06  06  00   651.95  -384.51   267.44
2023  07  07  06  07  00   639.28  -374.82   264.46
2023  07  07  06  08  00   636.99  -377.06   259.93
2023  07  07  06  09  00   569.56  -312.09   257.47
2023  07  07  06  10  00   546.98  -287.10   259.87
2023  07  07  06  11  00   500.94  -236.05   264.89
2023  07  07  06  12  00   485.66  -219.64   266.02
2023  07  07  06  13  00   459.00  -191.73   267.27
2023  07  07  06  14  00   438.05  -167.13   270.92
2023  07  07  06  15  00   456.75  -179.90   276.85
2023  07  07  06  16  00   500.80  -215.69   285.12
2023  07  07  06  17  00   503.42  -210.50   292.92
2023  07  07  06  18  00   496.96  -195.94   301.02
2023  07  07  06  19  00   513.86  -200.42   313.43
2023  07  07  06  20  00   521.03  -203.35   317.68
2023  07  07  06  21  00   548.22  -227.96   320.26
2023  07  07  06  22  00   552.48  -228.08   324.40
2023  07  07  06  23  00   617.41  -293.68   323.73
2023  07  07  06  24  00   641.98  -322.07   319.91
2023  07  07  06  25  00   656.25  -339.63   316.62
2023  07  07  06  26  00   655.78  -335.10   320.68
2023  07  07  06  27  00   666.49  -339.88   326.61
2023  07  07  06  28  00   647.63  -321.06   326.56
2023  07  07  06  29  00   625.04  -306.75   318.29
2023  07  07  06  30  00   601.69  -285.59   316.10
2023  07  07  06  31  00   589.84  -275.29   314.55
2023  07  07  06  32  00   576.88  -266.36   310.52
2023  07  07  06  33  00   572.61  -265.69   306.92
2023  07  07  06  34  00   574.60  -268.60   305.99
2023  07  07  06  35  00   583.74  -275.28   308.47
2023  07  07  06  36  00   555.54  -251.06   304.47
2023  07  07  06  37  00   542.34  -242.02   300.33
2023  07  07  06  38  00   529.44  -238.20   291.24
2023  07  07  06  39  00   523.38  -242.24   281.15
2023  07  07  06  40  00   528.66  -247.46   281.20
2023  07  07  06  41  00   555.99  -274.04   281.95
2023  07  07  06  42  00   610.05  -321.53   288.51
2023  07  07  06  43  00   602.36  -307.71   294.65
2023  07  07  06  44  00   593.22  -301.79   291.42
2023  07  07  06  45  00   589.74  -302.52   287.22
2023  07  07  06  46  00   559.33  -275.41   283.92
2023  07  07  06  47  00   561.17  -281.98   279.20
2023  07  07  06  48  00   563.52  -278.85   284.66
2023  07  07  06  49  00   579.30  -291.67   287.63
2023  07  07  06  50  00   580.75  -287.74   293.01
2023  07  07  06  51  00   575.28  -277.79   297.49
2023  07  07  06  52  00   584.79  -274.23   310.56
2023  07  07  06  53  00   598.51  -270.52   327.99
2023  07  07  06  54  00   599.36  -254.32   345.05
2023  07  07  06  55  00   604.94  -249.45   355.49
2023  07  07  06  56  00   598.36  -238.90   359.46
2023  07  07  06  57  00   587.02  -239.51   347.50
2023  07  07  06  58  00   568.75  -243.93   324.83
2023  07  07  06  59  00   553.52  -240.41   313.11
2023  07  07  07  00  00   532.45  -232.75   299.70
2023  07  07  07  01  00   507.61  -220.53   287.08
2023  07  07  07  02  00   489.63  -216.87   272.76
2023  07  07  07  03  00   477.35  -212.84   264.52
2023  07  07  07  04  00   467.01  -203.28   263.74
2023  07  07  07  05  00   442.08  -187.70   254.39
2023  07  07  07  06  00   429.23  -178.39   250.84
2023  07  07  07  07  00   434.11  -182.87   251.24
2023  07  07  07  08  00   441.02  -191.81   249.21
2023  07  07  07  09  00   451.86  -205.71   246.15
2023  07  07  07  10  00   456.46  -213.76   242.71
2023  07  07  07  11  00   453.32  -212.87   240.45
2023  07  07  07  12  00   440.88  -199.18   241.70
2023  07  07  07  13  00   430.44  -185.39   245.04
2023  07  07  07  14  00   427.29  -176.94   250.35
2023  07  07  07  15  00   424.67  -168.15   256.52
2023  07  07  07  16  00   418.56  -157.50   261.06
2023  07  07  07  17  00   409.71  -146.72   262.99
2023  07  07  07  18  00   409.74  -145.75   263.99
2023  07  07  07  19  00   408.79  -144.98   263.81
2023  07  07  07  20  00   403.48  -138.22   265.27
2023  07  07  07  21  00   402.21  -135.34   266.86
2023  07  07  07  22  00   404.05  -134.10   269.95
2023  07  07  07  23  00   396.41  -128.56   267.85
2023  07  07  07  24  00   392.72  -124.97   267.75
2023  07  07  07  25  00   391.69  -125.02   266.66
2023  07  07  07  26  00   386.03  -127.09   258.94
2023  07  07  07  27  00   384.56  -132.43   252.13
2023  07  07  07  28  00   397.17  -146.16   251.00
2023  07  07  07  29  00   407.45  -156.00   251.45
2023  07  07  07  30  00   419.67  -170.78   248.88
2023  07  07  07  31  00   414.05  -173.12   240.93
2023  07  07  07  32  00   396.76  -166.00   230.75
2023  07  07  07  33  00   390.42  -161.71   228.71
2023  07  07  07  34  00   390.23  -166.73   223.50
2023  07  07  07  35  00   383.18  -164.01   219.18
2023  07  07  07  36  00   384.04  -160.23   223.81
2023  07  07  07  37  00   378.07  -155.44   222.62
2023  07  07  07  38  00   379.92  -145.45   234.47
2023  07  07  07  39  00   366.98  -126.42   240.56
2023  07  07  07  40  00   378.43  -106.12   272.32
2023  07  07  07  41  00   407.72   -93.43   314.29
2023  07  07  07  42  00   401.13   -90.87   310.26
2023  07  07  07  43  00   394.16   -86.35   307.81
2023  07  07  07  44  00   419.34  -101.16   318.19
2023  07  07  07  45  00   413.07  -104.99   308.07
2023  07  07  07  46  00   406.97  -110.27   296.69
2023  07  07  07  47  00   414.00  -122.12   291.89
2023  07  07  07  48  00   431.04  -144.24   286.79
2023  07  07  07  49  00   424.65  -153.99   270.66
2023  07  07  07  50  00   442.54  -168.86   273.68
2023  07  07  07  51  00   462.46  -181.39   281.07
2023  07  07  07  52  00   474.24  -189.74   284.51
2023  07  07  07  53  00   481.62  -200.10   281.52
2023  07  07  07  54  00   489.35  -210.32   279.03
2023  07  07  07  55  00   512.38  -225.57   286.81
2023  07  07  07  56  00   542.16  -247.30   294.86
2023  07  07  07  57  00   573.52  -261.35   312.18
2023  07  07  07  58  00   600.86  -272.78   328.07
2023  07  07  07  59  00   608.84  -280.63   328.21
2023  07  07  08  00  00   607.57  -286.41   321.16
2023  07  07  08  01  00   613.69  -298.53   315.15
2023  07  07  08  02  00   626.52  -309.17   317.35
2023  07  07  08  03  00   648.30  -341.08   307.22
2023  07  07  08  04  00   657.69  -358.64   299.05
2023  07  07  08  05  00   654.76  -364.74   290.02
2023  07  07  08  06  00   635.81  -350.35   285.46
2023  07  07  08  07  00   599.66  -323.93   275.73
2023  07  07  08  08  00   565.68  -297.56   268.12
2023  07  07  08  09  00   558.40  -291.71   266.69
2023  07  07  08  10  00   583.28  -311.65   271.63
2023  07  07  08  11  00   604.11  -321.27   282.84
2023  07  07  08  12  00   611.17  -317.65   293.52
2023  07  07  08  13  00   617.03  -315.99   301.04
2023  07  07  08  14  00   637.73  -323.81   313.92
2023  07  07  08  15  00   648.81  -315.94   332.87
2023  07  07  08  16  00   656.11  -308.71   347.40
2023  07  07  08  17  00   657.71  -299.24   358.47
2023  07  07  08  18  00   671.92  -312.20   359.72
2023  07  07  08  19  00   685.04  -318.43   366.61
2023  07  07  08  20  00   704.19  -320.59   383.60
2023  07  07  08  21  00   692.27  -319.29   372.98
2023  07  07  08  22  00   713.92  -334.15   379.77
2023  07  07  08  23  00   733.55  -348.74   384.81
2023  07  07  08  24  00   724.19  -337.23   386.96
2023  07  07  08  25  00   724.09  -345.44   378.65
2023  07  07  08  26  00   731.43  -351.89   379.54
2023  07  07  08  27  00   711.19  -340.59   370.60
2023  07  07  08  28  00   716.66  -348.74   367.92
2023  07  07  08  29  00   722.17  -362.89   359.29
2023  07  07  08  30  00   720.99  -366.55   354.44
2023  07  07  08  31  00   684.25  -341.68   342.57
2023  07  07  08  32  00   666.81  -335.14   331.67
2023  07  07  08  33  00   673.97  -351.86   322.11
2023  07  07  08  34  00   683.85  -364.53   319.32
2023  07  07  08  35  00   672.08  -365.19   306.89
2023  07  07  08  36  00   664.99  -370.96   294.02
2023  07  07  08  37  00   643.41  -356.07   287.34
2023  07  07  08  38  00   634.62  -354.68   279.93
2023  07  07  08  39  00   630.57  -349.89   280.67
2023  07  07  08  40  00   652.71  -371.19   281.53
2023  07  07  08  41  00   645.45  -363.75   281.71
2023  07  07  08  42  00   625.13  -346.29   278.84
2023  07  07  08  43  00   635.50  -353.84   281.65
2023  07  07  08  44  00   650.24  -368.17   282.07
2023  07  07  08  45  00   642.06  -362.25   279.81
2023  07  07  08  46  00   627.37  -349.39   277.98
2023  07  07  08  47  00   622.70  -344.70   278.00
2023  07  07  08  48  00   675.37  -399.12   276.25
2023  07  07  08  49  00   708.87  -430.51   278.36
2023  07  07  08  50  00   722.46  -445.48   276.98
2023  07  07  08  51  00   736.12  -461.54   274.58
2023  07  07  08  52  00   767.66  -506.21   261.46
2023  07  07  08  53  00   785.54  -533.50   252.03
2023  07  07  08  54  00   787.56  -543.90   243.66
2023  07  07  08  55  00   859.23  -621.96   237.28
2023  07  07  08  56  00   877.57  -650.89   226.69
2023  07  07  08  57  00   853.04  -638.77   214.27
2023  07  07  08  58  00   941.02  -736.99   204.03
2023  07  07  08  59  00   992.22  -793.70   198.52
2023  07  07  09  00  00  1154.21  -956.39   197.82
2023  07  07  09  01  00  1129.17  -934.58   194.59
2023  07  07  09  02  00  1020.53  -830.84   189.68
2023  07  07  09  03  00  1006.88  -821.06   185.82
2023  07  07  09  04  00   936.39  -755.81   180.57
2023  07  07  09  05  00   925.85  -753.32   172.53
2023  07  07  09  06  00   932.45  -754.51   177.94
2023  07  07  09  07  00   942.55  -754.37   188.18
2023  07  07  09  08  00   927.90  -727.34   200.56
2023  07  07  09  09  00  1046.44  -828.74   217.70
2023  07  07  09  10  00   985.38  -780.35   205.03
2023  07  07  09  11  00   970.65  -771.63   199.02
2023  07  07  09  12  00   953.49  -747.14   206.34
2023  07  07  09  13  00   970.72  -761.91   208.82
2023  07  07  09  14  00  1001.66  -792.26   209.40
2023  07  07  09  15  00   990.43  -773.76   216.67
2023  07  07  09  16  00  1045.62  -818.73   226.89
2023  07  07  09  17  00  1022.81  -788.66   234.15
2023  07  07  09  18  00  1012.02  -766.46   245.56
2023  07  07  09  19  00   993.66  -749.00   244.67
2023  07  07  09  20  00   989.84  -742.70   247.14
2023  07  07  09  21  00   991.98  -734.99   256.98
2023  07  07  09  22  00   981.58  -717.04   264.55
2023  07  07  09  23  00   949.08  -677.44   271.64
2023  07  07  09  24  00   944.03  -666.88   277.15
2023  07  07  09  25  00   947.44  -655.23   292.22
2023  07  07  09  26  00   933.13  -642.89   290.24
2023  07  07  09  27  00   884.39  -589.68   294.71
2023  07  07  09  28  00   860.89  -567.02   293.88
2023  07  07  09  29  00   849.73  -559.02   290.72
2023  07  07  09  30  00   836.51  -540.54   295.97
2023  07  07  09  31  00   856.54  -562.96   293.58
2023  07  07  09  32  00   886.16  -585.99   300.17
2023  07  07  09  33  00   883.83  -576.94   306.88
2023  07  07  09  34  00   877.50  -575.78   301.72
2023  07  07  09  35  00   841.31  -554.43   286.89
2023  07  07  09  36  00   847.11  -561.19   285.93
2023  07  07  09  37  00   831.99  -554.02   277.97
2023  07  07  09  38  00   837.43  -571.56   265.88
2023  07  07  09  39  00   857.01  -602.07   254.95
2023  07  07  09  40  00   831.71  -576.08   255.62
2023  07  07  09  41  00   835.62  -582.06   253.56
2023  07  07  09  42  00   778.10  -525.42   252.67
2023  07  07  09  43  00   784.38  -538.78   245.60
2023  07  07  09  44  00   786.43  -543.27   243.15
2023  07  07  09  45  00   790.99  -548.40   242.59
2023  07  07  09  46  00   806.96  -565.04   241.92
2023  07  07  09  47  00   843.82  -609.86   233.96
2023  07  07  09  48  00   826.28  -599.64   226.64
2023  07  07  09  49  00   866.26  -640.74   225.52
2023  07  07  09  50  00   860.26  -633.72   226.53
2023  07  07  09  51  00   804.62  -583.66   220.96
2023  07  07  09  52  00   781.02  -560.16   220.85
2023  07  07  09  53  00   771.29  -539.61   231.67
2023  07  07  09  54  00   745.13  -506.65   238.47
2023  07  07  09  55  00   811.35  -565.12   246.23
2023  07  07  09  56  00   852.87  -586.98   265.89
2023  07  07  09  57  00   875.06  -591.12   283.95
2023  07  07  09  58  00   845.94  -542.39   303.54
2023  07  07  09  59  00   860.40  -549.31   311.08
2023  07  07  10  00  00   942.50  -606.03   336.48
2023  07  07  10  01  00  1010.60  -652.92   357.68
2023  07  07  10  02  00  1045.65  -672.99   372.65
2023  07  07  10  03  00  1045.57  -670.97   374.60
2023  07  07  10  04  00  1017.09  -659.47   357.63
2023  07  07  10  05  00   991.11  -649.86   341.24
2023  07  07  10  06  00   956.68  -619.60   337.08
2023  07  07  10  07  00   945.26  -604.80   340.46
2023  07  07  10  08  00   942.82  -585.80   357.02
2023  07  07  10  09  00   965.34  -574.02   391.33
2023  07  07  10  10  00  1009.91  -573.33   436.58
2023  07  07  10  11  00  1041.49  -574.96   466.53
2023  07  07  10  12  00  1040.10  -556.21   483.89
2023  07  07  10  13  00  1012.33  -505.09   507.24
2023  07  07  10  14  00  1012.81  -494.40   518.41
2023  07  07  10  15  00  1028.64  -489.81   538.82
2023  07  07  10  16  00  1064.90  -487.55   577.35
2023  07  07  10  17  00  1097.12  -487.13   609.99
2023  07  07  10  18  00  1100.18  -491.94   608.24
2023  07  07  10  19  00  1077.72  -493.58   584.14
2023  07  07  10  20  00  1051.21  -482.99   568.22
2023  07  07  10  21  00  1057.01  -492.39   564.63
2023  07  07  10  22  00   993.66  -453.89   539.77
2023  07  07  10  23  00   920.25  -409.50   510.75
2023  07  07  10  24  00   881.98  -386.22   495.76
2023  07  07  10  25  00   865.71  -385.32   480.39
2023  07  07  10  26  00   823.52  -357.73   465.79
2023  07  07  10  27  00   833.08  -379.02   454.06
2023  07  07  10  28  00   838.80  -402.84   435.96
2023  07  07  10  29  00   874.37  -453.60   420.77
2023  07  07  10  30  00   910.34  -507.19   403.14
2023  07  07  10  31  00   899.32  -492.71   406.61
2023  07  07  10  32  00   903.35  -489.61   413.74
2023  07  07  10  33  00   909.42  -487.38   422.04
2023  07  07  10  34  00   909.94  -476.44   433.50
2023  07  07  10  35  00   915.50  -474.37   441.12
2023  07  07  10  36  00   899.28  -471.59   427.70
2023  07  07  10  37  00   884.79  -460.49   424.30
2023  07  07  10  38  00   875.74  -447.61   428.13
2023  07  07  10  39  00   838.83  -392.36   446.47
2023  07  07  10  40  00   839.12  -382.14   456.97
2023  07  07  10  41  00   838.23  -375.62   462.61
2023  07  07  10  42  00   855.95  -384.87   471.08
2023  07  07  10  43  00   872.26  -416.94   455.32
2023  07  07  10  44  00   856.83  -433.66   423.16
2023  07  07  10  45  00   856.72  -452.01   404.71
2023  07  07  10  46  00   841.47  -456.08   385.39
2023  07  07  10  47  00   837.55  -457.22   380.33
2023  07  07  10  48  00   835.93  -472.20   363.73
2023  07  07  10  49  00   841.69  -499.10   342.59
2023  07  07  10  50  00   801.68  -485.93   315.75
2023  07  07  10  51  00   776.89  -472.06   304.84
2023  07  07  10  52  00   765.75  -479.88   285.87
2023  07  07  10  53  00   772.18  -515.10   257.08
2023  07  07  10  54  00   805.97  -544.84   261.13
2023  07  07  10  55  00   822.39  -567.49   254.90
2023  07  07  10  56  00   844.76  -580.54   264.22
2023  07  07  10  57  00   829.61  -562.88   266.73
2023  07  07  10  58  00   829.90  -562.10   267.80
2023  07  07  10  59  00   819.22  -559.23   260.00
2023  07  07  11  00  00   798.39  -539.69   258.70
2023  07  07  11  01  00   804.49  -544.09   260.40
2023  07  07  11  02  00   831.34  -564.77   266.57
2023  07  07  11  03  00   878.48  -602.81   275.67
2023  07  07  11  04  00   933.80  -640.47   293.33
2023  07  07  11  05  00   998.98  -694.36   304.62
2023  07  07  11  06  00   996.25  -685.31   310.95
2023  07  07  11  07  00  1019.19  -693.59   325.60
2023  07  07  11  08  00  1065.51  -733.32   332.19
2023  07  07  11  09  00  1093.46  -747.86   345.60
2023  07  07  11  10  00   995.06  -637.69   357.37
2023  07  07  11  11  00   989.31  -615.77   373.54
2023  07  07  11  12  00   915.80  -517.38   398.42
2023  07  07  11  13  00   903.36  -486.62   416.74
2023  07  07  11  14  00   917.19  -503.88   413.31
2023  07  07  11  15  00   932.36  -518.20   414.16
2023  07  07  11  16  00   931.09  -507.60   423.49
2023  07  07  11  17  00  1010.96  -561.10   449.86
2023  07  07  11  18  00  1042.45  -570.42   472.03
2023  07  07  11  19  00   993.25  -515.28   477.97
2023  07  07  11  20  00   909.68  -460.67   449.00
2023  07  07  11  21  00   890.11  -456.18   433.92
2023  07  07  11  22  00   992.74  -506.97   485.77
2023  07  07  11  23  00  1076.74  -558.38   518.36
2023  07  07  11  24  00  1090.56  -549.46   541.09
2023  07  07  11  25  00  1074.36  -523.61   550.75
2023  07  07  11  26  00  1010.17  -481.33   528.83
2023  07  07  11  27  00   934.63  -440.93   493.70
2023  07  07  11  28  00   886.63  -430.53   456.10
2023  07  07  11  29  00   849.94  -416.36   433.58
2023  07  07  11  30  00   803.38  -384.76   418.62
2023  07  07  11  31  00   791.82  -385.03   406.79
2023  07  07  11  32  00   761.97  -377.33   384.65
2023  07  07  11  33  00   729.90  -378.77   351.13
2023  07  07  11  34  00   710.55  -356.23   354.32
2023  07  07  11  35  00   707.27  -342.46   364.81
2023  07  07  11  36  00   700.01  -327.86   372.16
2023  07  07  11  37  00   666.22  -296.24   369.98
2023  07  07  11  38  00   698.41  -336.95   361.46
2023  07  07  11  39  00   687.64  -332.46   355.18
2023  07  07  11  40  00   684.54  -324.77   359.78
2023  07  07  11  41  00   731.16  -339.49   391.68
2023  07  07  11  42  00   772.29  -345.21   427.08
2023  07  07  11  43  00   795.53  -340.50   455.04
2023  07  07  11  44  00   825.53  -353.89   471.64
2023  07  07  11  45  00   851.91  -359.76   492.15
2023  07  07  11  46  00   853.90  -346.86   507.04
2023  07  07  11  47  00   859.09  -340.45   518.64
2023  07  07  11  48  00   881.49  -345.82   535.66
2023  07  07  11  49  00   891.26  -351.06   540.19
2023  07  07  11  50  00   891.34  -357.44   533.90
2023  07  07  11  51  00   905.59  -366.72   538.87
2023  07  07  11  52  00   919.21  -380.43   538.78
2023  07  07  11  53  00   899.79  -375.63   524.16
2023  07  07  11  54  00   892.27  -383.06   509.21
2023  07  07  11  55  00   893.75  -405.40   488.35
2023  07  07  11  56  00   900.06  -424.47   475.60
2023  07  07  11  57  00   910.62  -426.48   484.14
2023  07  07  11  58  00   939.33  -440.72   498.61
2023  07  07  11  59  00   960.21  -451.97   508.24
2023  07  07  12  00  00   940.99  -439.37   501.62
2023  07  07  12  01  00   892.72  -415.90   476.82
2023  07  07  12  02  00   899.29  -428.80   470.49
2023  07  07  12  03  00   913.05  -454.41   458.64
2023  07  07  12  04  00   892.36  -449.88   442.48
2023  07  07  12  05  00   841.82  -417.86   423.96
2023  07  07  12  06  00   824.57  -417.19   407.38
2023  07  07  12  07  00   815.68  -423.19   392.49
2023  07  07  12  08  00   788.59  -413.17   375.43
2023  07  07  12  09  00   789.99  -413.92   376.08
2023  07  07  12  10  00   774.08  -404.36   369.72
2023  07  07  12  11  00   749.17  -389.16   360.01
2023  07  07  12  12  00   760.63  -394.10   366.53
2023  07  07  12  13  00   766.09  -387.69   378.40
2023  07  07  12  14  00   757.47  -372.29   385.17
2023  07  07  12  15  00   752.87  -354.74   398.13
2023  07  07  12  16  00   757.19  -342.32   414.87
2023  07  07  12  17  00   769.67  -337.17   432.50
2023  07  07  12  18  00   788.72  -344.29   444.44
2023  07  07  12  19  00   786.73  -344.74   441.99
2023  07  07  12  20  00   775.89  -336.02   439.87
2023  07  07  12  21  00   754.12  -324.06   430.07
2023  07  07  12  22  00   757.48  -308.50   448.98
2023  07  07  12  23  00   762.43  -302.52   459.92
2023  07  07  12  24  00   777.67  -316.23   461.44
2023  07  07  12  25  00   790.28  -338.25   452.03
2023  07  07  12  26  00   804.61  -345.70   458.91
2023  07  07  12  27  00   810.26  -335.76   474.50
2023  07  07  12  28  00   810.46  -330.87   479.59
2023  07  07  12  29  00   796.23  -319.21   477.02
2023  07  07  12  30  00   791.65  -318.67   472.97
2023  07  07  12  31  00   792.35  -314.32   478.03
2023  07  07  12  32  00   784.12  -308.52   475.60
2023  07  07  12  33  00   760.52  -303.95   456.57
2023  07  07  12  34  00   740.24  -294.62   445.61
2023  07  07  12  35  00   731.88  -283.66   448.22
2023  07  07  12  36  00   735.17  -286.98   448.19
2023  07  07  12  37  00   733.58  -277.69   455.90
2023  07  07  12  38  00   742.01  -285.82   456.20
2023  07  07  12  39  00   749.72  -300.11   449.61
2023  07  07  12  40  00   761.92  -311.85   450.07
2023  07  07  12  41  00   761.81  -315.00   446.81
2023  07  07  12  42  00   764.92  -319.45   445.47
2023  07  07  12  43  00   763.40  -316.55   446.85
2023  07  07  12  44  00   753.64  -309.32   444.32
2023  07  07  12  45  00   746.16  -307.79   438.37
2023  07  07  12  46  00   745.78  -318.04   427.74
2023  07  07  12  47  00   751.13  -334.79   416.34
2023  07  07  12  48  00   756.21  -353.82   402.38
2023  07  07  12  49  00   693.34  -305.08   388.26
2023  07  07  12  50  00   650.17  -268.05   382.13
2023  07  07  12  51  00   660.26  -276.06   384.20
2023  07  07  12  52  00   677.44  -282.38   395.06
2023  07  07  12  53  00   684.44  -286.47   397.97
2023  07  07  12  54  00   679.91  -282.07   397.84
2023  07  07  12  55  00   669.45  -270.60   398.85
2023  07  07  12  56  00   652.60  -257.33   395.27
2023  07  07  12  57  00   648.63  -254.35   394.28
2023  07  07  12  58  00   666.46  -267.98   398.48
2023  07  07  12  59  00   704.66  -309.31   395.36
2023  07  07  13  00  00   730.35  -339.15   391.20
2023  07  07  13  01  00   748.57  -366.44   382.13
2023  07  07  13  02  00   741.81  -378.50   363.31
2023  07  07  13  03  00   734.64  -374.52   360.11
2023  07  07  13  04  00   710.38  -344.66   365.72
2023  07  07  13  05  00   679.73  -323.47   356.26
2023  07  07  13  06  00   654.43  -310.40   344.03
2023  07  07  13  07  00   628.76  -293.97   334.79
2023  07  07  13  08  00   626.62  -300.71   325.90
2023  07  07  13  09  00   605.86  -292.66   313.20
2023  07  07  13  10  00   634.21  -322.54   311.66
2023  07  07  13  11  00   640.24  -320.26   319.98
2023  07  07  13  12  00   675.73  -351.13   324.60
2023  07  07  13  13  00   632.06  -326.57   305.50
2023  07  07  13  14  00   598.54  -319.55   279.00
2023  07  07  13  15  00   608.78  -335.73   273.06
2023  07  07  13  16  00   628.84  -362.75   266.09
2023  07  07  13  17  00   633.13  -372.55   260.58
2023  07  07  13  18  00   637.12  -372.06   265.06
2023  07  07  13  19  00   630.03  -352.60   277.44
2023  07  07  13  20  00   572.48  -297.63   274.85
2023  07  07  13  21  00   539.47  -261.52   277.95
2023  07  07  13  22  00   564.21  -275.80   288.41
2023  07  07  13  23  00   609.50  -311.12   298.39
2023  07  07  13  24  00   661.14  -359.03   302.11
2023  07  07  13  25  00   698.61  -401.80   296.80
2023  07  07  13  26  00   724.69  -431.20   293.49
2023  07  07  13  27  00   731.13  -437.61   293.52
2023  07  07  13  28  00   720.08  -426.69   293.39
2023  07  07  13  29  00   723.44  -428.01   295.43
2023  07  07  13  30  00   719.98  -429.27   290.72
2023  07  07  13  31  00   727.18  -429.76   297.43
2023  07  07  13  32  00   720.38  -417.57   302.81
2023  07  07  13  33  00   718.95  -410.45   308.50
2023  07  07  13  34  00   732.69  -428.40   304.29
2023  07  07  13  35  00   761.34  -457.42   303.92
2023  07  07  13  36  00   785.50  -481.33   304.17
2023  07  07  13  37  00   784.82  -481.09   303.72
2023  07  07  13  38  00   770.29  -461.87   308.42
2023  07  07  13  39  00   777.20  -458.67   318.54
2023  07  07  13  40  00   784.55  -461.24   323.32
2023  07  07  13  41  00   779.14  -452.94   326.20
2023  07  07  13  42  00   778.51  -454.30   324.21
2023  07  07  13  43  00   779.08  -457.34   321.74
2023  07  07  13  44  00   789.14  -468.98   320.17
2023  07  07  13  45  00   784.95  -464.84   320.11
2023  07  07  13  46  00   757.76  -435.99   321.77
2023  07  07  13  47  00   746.52  -425.00   321.52
2023  07  07  13  48  00   740.97  -420.82   320.15
2023  07  07  13  49  00   762.75  -438.30   324.45
2023  07  07  13  50  00   813.06  -490.21   322.84
2023  07  07  13  51  00   859.94  -539.19   320.74
2023  07  07  13  52  00   874.28  -553.14   321.14
2023  07  07  13  53  00   862.68  -536.09   326.59
2023  07  07  13  54  00   864.79  -534.79   329.99
2023  07  07  13  55  00   849.94  -518.72   331.22
2023  07  07  13  56  00   857.28  -519.02   338.25
2023  07  07  13  57  00   858.48  -515.59   342.89
2023  07  07  13  58  00   862.76  -519.66   343.10
2023  07  07  13  59  00   869.88  -528.21   341.67
2023  07  07  14  00  00   891.45  -551.29   340.16
2023  07  07  14  01  00   909.86  -565.00   344.86
2023  07  07  14  02  00   926.21  -576.34   349.87
2023  07  07  14  03  00   931.01  -577.67   353.34
2023  07  07  14  04  00   934.25  -571.03   363.22
2023  07  07  14  05  00   950.03  -576.36   373.66
2023  07  07  14  06  00   946.23  -572.29   373.94
2023  07  07  14  07  00   936.37  -565.06   371.31
2023  07  07  14  08  00   932.35  -559.09   373.26
2023  07  07  14  09  00   908.53  -531.95   376.58
2023  07  07  14  10  00   894.56  -522.39   372.17
2023  07  07  14  11  00   880.84  -513.19   367.65
2023  07  07  14  12  00   884.86  -515.33   369.53
2023  07  07  14  13  00   874.94  -503.02   371.93
2023  07  07  14  14  00   879.36  -511.29   368.07
2023  07  07  14  15  00   892.38  -522.19   370.19
2023  07  07  14  16  00   922.91  -545.40   377.51
2023  07  07  14  17  00   947.52  -571.30   376.23
2023  07  07  14  18  00   918.80  -550.36   368.44
2023  07  07  14  19  00   878.58  -507.68   370.91
2023  07  07  14  20  00   893.51  -518.61   374.89
2023  07  07  14  21  00   903.56  -526.13   377.44
2023  07  07  14  22  00   927.46  -541.73   385.73
2023  07  07  14  23  00   979.54  -585.90   393.64
2023  07  07  14  24  00   987.13  -593.93   393.20
2023  07  07  14  25  00  1006.06  -613.12   392.94
2023  07  07  14  26  00  1030.88  -646.64   384.24
2023  07  07  14  27  00  1023.00  -647.02   375.99
2023  07  07  14  28  00  1081.61  -707.89   373.72
2023  07  07  14  29  00  1142.00  -757.02   384.98
2023  07  07  14  30  00  1121.33  -729.35   391.98
2023  07  07  14  31  00  1050.13  -646.79   403.35
2023  07  07  14  32  00   990.26  -586.07   404.19
2023  07  07  14  33  00  1003.59  -601.22   402.37
2023  07  07  14  34  00   987.87  -592.91   394.96
2023  07  07  14  35  00   973.10  -578.53   394.57
2023  07  07  14  36  00   990.44  -593.55   396.88
2023  07  07  14  37  00  1012.50  -612.28   400.22
2023  07  07  14  38  00  1013.64  -616.05   397.59
2023  07  07  14  39  00   980.57  -582.79   397.79
2023  07  07  14  40  00   954.69  -565.30   389.40
2023  07  07  14  41  00   940.74  -560.28   380.46
2023  07  07  14  42  00   910.94  -538.34   372.61
2023  07  07  14  43  00   914.62  -543.95   370.67
2023  07  07  14  44  00   916.97  -552.85   364.12
2023  07  07  14  45  00   892.76  -532.65   360.11
2023  07  07  14  46  00   883.26  -524.08   359.19
2023  07  07  14  47  00   878.93  -521.37   357.56
2023  07  07  14  48  00   885.10  -521.69   363.41
2023  07  07  14  49  00   888.81  -526.14   362.68
2023  07  07  14  50  00   890.16  -527.87   362.30
2023  07  07  14  51  00   888.81  -528.63   360.17
2023  07  07  14  52  00   923.51  -558.49   365.02
2023  07  07  14  53  00   965.39  -597.13   368.26
2023  07  07  14  54  00   976.26  -611.43   364.83
2023  07  07  14  55  00   962.25  -595.50   366.76
2023  07  07  14  56  00   995.52  -629.83   365.69
2023  07  07  14  57  00   985.84  -616.11   369.73
2023  07  07  14  58  00   988.87  -609.05   379.82
2023  07  07  14  59  00  1006.27  -624.02   382.24
2023  07  07  15  00  00   974.23  -589.06   385.18
2023  07  07  15  01  00   935.15  -556.88   378.27
2023  07  07  15  02  00   924.90  -538.68   386.23
2023  07  07  15  03  00   898.73  -511.22   387.51
2023  07  07  15  04  00   910.02  -513.22   396.80
2023  07  07  15  05  00   905.64  -507.47   398.18
2023  07  07  15  06  00   881.54  -488.15   393.39
2023  07  07  15  07  00   874.59  -486.67   387.92
2023  07  07  15  08  00   895.54  -510.45   385.09
2023  07  07  15  09  00   899.89  -511.52   388.37
2023  07  07  15  10  00   907.91  -518.36   389.56
2023  07  07  15  11  00   906.67  -523.12   383.54
2023  07  07  15  12  00   909.71  -529.35   380.36
2023  07  07  15  13  00   900.56  -521.38   379.18
2023  07  07  15  14  00   887.65  -514.16   373.49
2023  07  07  15  15  00   870.72  -510.12   360.60
2023  07  07  15  16  00   859.58  -495.78   363.81
2023  07  07  15  17  00   872.43  -495.49   376.94
2023  07  07  15  18  00   865.56  -488.95   376.61
2023  07  07  15  19  00   841.85  -473.68   368.17
2023  07  07  15  20  00   815.62  -450.99   364.64
2023  07  07  15  21  00   794.60  -426.88   367.73
2023  07  07  15  22  00   789.63  -419.39   370.25
2023  07  07  15  23  00   773.56  -403.79   369.77
2023  07  07  15  24  00   767.55  -393.46   374.09
2023  07  07  15  25  00   755.37  -381.98   373.38
2023  07  07  15  26  00   753.38  -377.51   375.87
2023  07  07  15  27  00   750.25  -380.34   369.91
2023  07  07  15  28  00   723.94  -355.72   368.23
2023  07  07  15  29  00   704.13  -340.67   363.47
2023  07  07  15  30  00   697.57  -333.70   363.88
2023  07  07  15  31  00   707.78  -335.70   372.09
2023  07  07  15  32  00   704.12  -331.64   372.48
2023  07  07  15  33  00   700.95  -327.00   373.95
2023  07  07  15  34  00   719.98  -343.69   376.29
2023  07  07  15  35  00   782.08  -396.29   385.79
2023  07  07  15  36  00   796.02  -413.10   382.92
2023  07  07  15  37  00   782.15  -407.77   374.38
2023  07  07  15  38  00   785.79  -406.33   379.46
2023  07  07  15  39  00   800.95  -424.16   376.78
2023  07  07  15  40  00   733.21  -360.67   372.54
2023  07  07  15  41  00   746.35  -369.19   377.16
2023  07  07  15  42  00   753.85  -379.27   374.59
2023  07  07  15  43  00   744.72  -366.85   377.87
2023  07  07  15  44  00   732.41  -357.77   374.64
2023  07  07  15  45  00   720.08  -348.73   371.35
2023  07  07  15  46  00   693.03  -325.53   367.50
2023  07  07  15  47  00   685.12  -311.51   373.60
2023  07  07  15  48  00   716.85  -329.42   387.43
2023  07  07  15  49  00   723.96  -331.59   392.37
2023  07  07  15  50  00   726.69  -327.19   399.51
2023  07  07  15  51  00   738.52  -338.37   400.15
2023  07  07  15  52  00   735.45  -345.92   389.53
2023  07  07  15  53  00   735.24  -351.43   383.81
2023  07  07  15  54  00   742.83  -354.63   388.19
2023  07  07  15  55  00   753.55  -363.23   390.31
2023  07  07  15  56  00   754.42  -360.88   393.54
2023  07  07  15  57  00   735.38  -334.26   401.11
2023  07  07  15  58  00   727.08  -322.39   404.69
2023  07  07  15  59  00   724.69  -320.90   403.78
2023  07  07  16  00  00   732.73  -323.62   409.11
2023  07  07  16  01  00   752.03  -334.08   417.96
2023  07  07  16  02  00   739.58  -322.01   417.57
2023  07  07  16  03  00   705.68  -288.45   417.23
2023  07  07  16  04  00   675.65  -274.67   400.97
2023  07  07  16  05  00   694.78  -307.08   387.71
2023  07  07  16  06  00   704.37  -315.68   388.69
2023  07  07  16  07  00   724.00  -324.77   399.23
2023  07  07  16  08  00   748.10  -343.15   404.95
2023  07  07  16  09  00   746.70  -337.72   408.98
2023  07  07  16  10  00   745.24  -326.15   419.09
2023  07  07  16  11  00   748.43  -313.67   434.76
2023  07  07  16  12  00   767.33  -335.29   432.04
2023  07  07  16  13  00   732.11  -315.05   417.06
2023  07  07  16  14  00   654.43  -256.86   397.56
2023  07  07  16  15  00   655.08  -272.92   382.15
2023  07  07  16  16  00   691.36  -323.76   367.60
2023  07  07  16  17  00   713.07  -346.02   367.05
2023  07  07  16  18  00   697.87  -323.57   374.30
2023  07  07  16  19  00   656.43  -276.45   379.98
2023  07  07  16  20  00   662.04  -281.21   380.83
2023  07  07  16  21  00   685.16  -310.53   374.64
2023  07  07  16  22  00   687.78  -326.51   361.28
2023  07  07  16  23  00   676.36  -321.39   354.98
2023  07  07  16  24  00   691.08  -330.23   360.85
2023  07  07  16  25  00   705.90  -349.54   356.36
2023  07  07  16  26  00   717.92  -367.46   350.45
2023  07  07  16  27  00   709.26  -365.63   343.64
2023  07  07  16  28  00   706.18  -376.11   330.07
2023  07  07  16  29  00   676.35  -349.32   327.03
2023  07  07  16  30  00   656.03  -336.34   319.69
2023  07  07  16  31  00   659.13  -336.74   322.38
2023  07  07  16  32  00   635.67  -308.79   326.88
2023  07  07  16  33  00   616.08  -288.56   327.52
2023  07  07  16  34  00   627.01  -306.35   320.66
2023  07  07  16  35  00   621.36  -303.87   317.49
2023  07  07  16  36  00   615.17  -294.49   320.68
2023  07  07  16  37  00   609.36  -287.72   321.64
2023  07  07  16  38  00   610.08  -286.50   323.58
2023  07  07  16  39  00   623.40  -296.66   326.74
2023  07  07  16  40  00   639.34  -297.99   341.35
2023  07  07  16  41  00   649.49  -297.42   352.07
2023  07  07  16  42  00   661.66  -300.46   361.21
2023  07  07  16  43  00   666.17  -305.51   360.66
2023  07  07  16  44  00   658.49  -295.35   363.15
2023  07  07  16  45  00   644.30  -272.39   371.91
2023  07  07  16  46  00   621.20  -247.18   374.02
2023  07  07  16  47  00   610.31  -249.37   360.94
2023  07  07  16  48  00   617.18  -253.98   363.19
2023  07  07  16  49  00   617.31  -259.03   358.28
2023  07  07  16  50  00   631.47  -274.30   357.17
2023  07  07  16  51  00   656.32  -292.76   363.56
2023  07  07  16  52  00   643.75  -287.58   356.17
2023  07  07  16  53  00   634.25  -276.44   357.81
2023  07  07  16  54  00   627.19  -264.37   362.82
2023  07  07  16  55  00   599.57  -239.92   359.65
2023  07  07  16  56  00   624.02  -258.70   365.32
2023  07  07  16  57  00   636.82  -267.82   369.00
2023  07  07  16  58  00   633.90  -257.93   375.97
2023  07  07  16  59  00   624.23  -246.19   378.04
2023  07  07  17  00  00   614.77  -236.28   378.49
2023  07  07  17  01  00   589.49  -208.05   381.44
2023  07  07  17  02  00   585.34  -212.24   373.11
2023  07  07  17  03  00   579.04  -228.17   350.87
2023  07  07  17  04  00   559.52  -220.55   338.98
2023  07  07  17  05  00   541.36  -210.08   331.29
2023  07  07  17  06  00   522.68  -204.78   317.89
2023  07  07  17  07  00   515.42  -196.06   319.36
2023  07  07  17  08  00   517.11  -196.15   320.96
2023  07  07  17  09  00   526.02  -196.22   329.80
2023  07  07  17  10  00   534.07  -190.03   344.04
2023  07  07  17  11  00   533.41  -192.14   341.27
2023  07  07  17  12  00   530.40  -193.25   337.15
2023  07  07  17  13  00   532.43  -194.56   337.87
2023  07  07  17  14  00   528.44  -193.89   334.55
2023  07  07  17  15  00   520.13  -194.53   325.60
2023  07  07  17  16  00   499.90  -190.47   309.43
2023  07  07  17  17  00   473.87  -187.80   286.07
2023  07  07  17  18  00   442.98  -169.40   273.58
2023  07  07  17  19  00   444.69  -169.29   275.40
2023  07  07  17  20  00   424.29  -146.04   278.25
2023  07  07  17  21  00   411.17  -131.11   280.06
2023  07  07  17  22  00   420.05  -132.17   287.87
2023  07  07  17  23  00   416.41  -128.74   287.68
2023  07  07  17  24  00   440.85  -154.38   286.47
2023  07  07  17  25  00   449.28  -165.03   284.25
2023  07  07  17  26  00   451.99  -166.93   285.06
2023  07  07  17  27  00   450.54  -160.67   289.86
2023  07  07  17  28  00   437.56  -151.91   285.66
2023  07  07  17  29  00   448.26  -166.79   281.46
2023  07  07  17  30  00   523.22  -241.96   281.26
2023  07  07  17  31  00   529.74  -249.67   280.08
2023  07  07  17  32  00   506.67  -227.76   278.91
2023  07  07  17  33  00   463.28  -181.55   281.73
2023  07  07  17  34  00   450.67  -172.12   278.55
2023  07  07  17  35  00   456.49  -179.13   277.35
2023  07  07  17  36  00   464.66  -183.49   281.17
2023  07  07  17  37  00   451.37  -164.40   286.97
2023  07  07  17  38  00   433.86  -147.10   286.76
2023  07  07  17  39  00   423.35  -136.78   286.57
2023  07  07  17  40  00   416.23  -134.85   281.38
2023  07  07  17  41  00   419.18  -137.00   282.18
2023  07  07  17  42  00   413.33  -135.33   277.99
2023  07  07  17  43  00   409.09  -133.30   275.79
2023  07  07  17  44  00   404.73  -133.15   271.59
2023  07  07  17  45  00   405.28  -135.86   269.42
2023  07  07  17  46  00   403.69  -134.44   269.25
2023  07  07  17  47  00   410.30  -138.24   272.06
2023  07  07  17  48  00   421.19  -142.33   278.85
2023  07  07  17  49  00   427.41  -147.75   279.66
2023  07  07  17  50  00   434.24  -153.78   280.46
2023  07  07  17  51  00   431.72  -150.45   281.27
2023  07  07  17  52  00   423.94  -137.86   286.08
2023  07  07  17  53  00   432.58  -133.69   298.88
2023  07  07  17  54  00   438.89  -136.19   302.70
2023  07  07  17  55  00   439.37  -134.87   304.50
2023  07  07  17  56  00   443.23  -132.94   310.29
2023  07  07  17  57  00   450.00  -141.92   308.08
2023  07  07  17  58  00   441.81  -140.91   300.89
2023  07  07  17  59  00   432.42  -136.71   295.70
2023  07  07  18  00  00   431.47  -138.96   292.51
2023  07  07  18  01  00   442.50  -149.20   293.30
2023  07  07  18  02  00   448.63  -153.51   295.11
2023  07  07  18  03  00   452.84  -155.94   296.90
2023  07  07  18  04  00   455.58  -155.87   299.71
2023  07  07  18  05  00   455.64  -152.15   303.49
2023  07  07  18  06  00   461.54  -155.31   306.23
2023  07  07  18  07  00   444.56  -158.66   285.90
2023  07  07  18  08  00   430.81  -161.10   269.70
2023  07  07  18  09  00   428.97  -159.38   269.59
2023  07  07  18  10  00   432.66  -155.26   277.40
2023  07  07  18  11  00   425.87  -152.65   273.22
2023  07  07  18  12  00   422.54  -149.75   272.79
2023  07  07  18  13  00   423.98  -144.18   279.80
2023  07  07  18  14  00   416.58  -138.00   278.59
2023  07  07  18  15  00   417.19  -132.23   284.97
2023  07  07  18  16  00   416.67  -125.23   291.44
2023  07  07  18  17  00   416.86  -118.59   298.27
2023  07  07  18  18  00   412.62  -112.38   300.24
2023  07  07  18  19  00   410.68  -108.94   301.74
2023  07  07  18  20  00   402.69  -108.13   294.55
2023  07  07  18  21  00   384.67  -111.04   273.63
2023  07  07  18  22  00   372.33  -114.04   258.29
2023  07  07  18  23  00   371.53  -117.96   253.57
2023  07  07  18  24  00   379.14  -126.79   252.36
2023  07  07  18  25  00   414.94  -163.92   251.02
2023  07  07  18  26  00   431.54  -175.53   256.01
2023  07  07  18  27  00   420.61  -163.49   257.12
2023  07  07  18  28  00   422.82  -159.66   263.17
2023  07  07  18  29  00   453.86  -170.34   283.51
2023  07  07  18  30  00   483.46  -187.53   295.93
2023  07  07  18  31  00   478.09  -183.25   294.84
2023  07  07  18  32  00   481.32  -190.56   290.76
2023  07  07  18  33  00   482.73  -185.93   296.79
2023  07  07  18  34  00   486.44  -177.58   308.86
2023  07  07  18  35  00   487.76  -179.62   308.14
2023  07  07  18  36  00   530.91  -222.52   308.39
2023  07  07  18  37  00   538.88  -229.40   309.48
2023  07  07  18  38  00   547.62  -241.96   305.66
2023  07  07  18  39  00   508.37  -196.94   311.43
2023  07  07  18  40  00   493.96  -178.19   315.77
2023  07  07  18  41  00   531.91  -223.32   308.60
2023  07  07  18  42  00   518.97  -221.38   297.59
2023  07  07  18  43  00   521.02  -228.93   292.09
2023  07  07  18  44  00   531.97  -241.19   290.78
2023  07  07  18  45  00   554.03  -273.15   280.88
2023  07  07  18  46  00   558.56  -278.92   279.64
2023  07  07  18  47  00   574.85  -291.96   282.89
2023  07  07  18  48  00   586.46  -299.86   286.60
2023  07  07  18  49  00   552.99  -265.34   287.65
2023  07  07  18  50  00   511.48  -225.81   285.67
2023  07  07  18  51  00   497.56  -207.52   290.05
2023  07  07  18  52  00   498.54  -207.42   291.12
2023  07  07  18  53  00   504.92  -218.13   286.79
2023  07  07  18  54  00   499.30  -210.95   288.35
2023  07  07  18  55  00   474.61  -178.53   296.08
2023  07  07  18  56  00   489.83  -186.51   303.32
2023  07  07  18  57  00   502.11  -191.84   310.26
2023  07  07  18  58  00   513.68  -202.93   310.75
2023  07  07  18  59  00   517.05  -206.88   310.18
2023  07  07  19  00  00   526.65  -215.26   311.39
2023  07  07  19  01  00   529.68  -224.85   304.84
2023  07  07  19  02  00   545.64  -254.45   291.20
2023  07  07  19  03  00   572.04  -288.80   283.23
2023  07  07  19  04  00   589.69  -297.83   291.86
2023  07  07  19  05  00   641.80  -332.13   309.67
2023  07  07  19  06  00   654.93  -336.40   318.53
2023  07  07  19  07  00   699.98  -365.09   334.89
2023  07  07  19  08  00   705.66  -351.94   353.71
2023  07  07  19  09  00   711.07  -347.70   363.38
2023  07  07  19  10  00   700.93  -348.27   352.65
2023  07  07  19  11  00   710.34  -371.76   338.58
2023  07  07  19  12  00   713.63  -395.08   318.54
2023  07  07  19  13  00   691.30  -386.57   304.73
2023  07  07  19  14  00   681.65  -378.36   303.29
2023  07  07  19  15  00   672.76  -371.68   301.08
2023  07  07  19  16  00   667.00  -362.82   304.18
2023  07  07  19  17  00   655.77  -350.73   305.05
2023  07  07  19  18  00   637.86  -352.91   284.94
2023  07  07  19  19  00   624.16  -352.96   271.19
2023  07  07  19  20  00   623.73  -353.75   269.98
2023  07  07  19  21  00   631.59  -357.69   273.90
2023  07  07  19  22  00   649.47  -366.17   283.30
2023  07  07  19  23  00   655.81  -365.89   289.91
2023  07  07  19  24  00   649.05  -354.41   294.64
2023  07  07  19  25  00   632.37  -352.87   279.50
2023  07  07  19  26  00   624.79  -362.17   262.61
2023  07  07  19  27  00   649.95  -397.02   252.93
2023  07  07  19  28  00   675.45  -431.45   244.00
2023  07  07  19  29  00   699.23  -450.38   248.85
2023  07  07  19  30  00   712.83  -459.92   252.90
2023  07  07  19  31  00   773.60  -486.39   287.20
2023  07  07  19  32  00   766.02  -480.53   285.50
2023  07  07  19  33  00   714.21  -458.68   255.53
2023  07  07  19  34  00   679.38  -440.34   239.04
2023  07  07  19  35  00   651.84  -417.79   234.05
2023  07  07  19  36  00   634.78  -407.07   227.72
2023  07  07  19  37  00   618.66  -391.60   227.05
2023  07  07  19  38  00   580.82  -358.49   222.33
2023  07  07  19  39  00   533.42  -318.57   214.85
2023  07  07  19  40  00   472.39  -272.43   199.96
2023  07  07  19  41  00   478.20  -254.07   224.13
2023  07  07  19  42  00   469.97  -244.80   225.17
2023  07  07  19  43  00   435.44  -209.46   225.98
2023  07  07  19  44  00   411.66  -189.80   221.86
2023  07  07  19  45  00   381.01  -172.18   208.83
2023  07  07  19  46  00   377.77  -179.96   197.81
2023  07  07  19  47  00   356.73  -172.41   184.32
2023  07  07  19  48  00   361.63  -194.89   166.74
2023  07  07  19  49  00   370.71  -201.06   169.65
2023  07  07  19  50  00   326.32  -165.13   161.20
2023  07  07  19  51  00   296.69  -144.66   152.03
2023  07  07  19  52  00   272.63  -123.27   149.35
2023  07  07  19  53  00   254.16  -106.18   147.98
2023  07  07  19  54  00   246.90  -105.87   141.04
2023  07  07  19  55  00   239.65  -106.32   133.33
2023  07  07  19  56  00   216.63   -87.37   129.26
2023  07  07  19  57  00   193.25   -66.23   127.02
2023  07  07  19  58  00   182.10   -58.68   123.42
2023  07  07  19  59  00   194.99   -75.49   119.50
2023  07  07  20  00  00   214.91   -97.45   117.47
2023  07  07  20  01  00   228.21  -116.45   111.76
2023  07  07  20  02  00   234.05  -125.11   108.94
2023  07  07  20  03  00   237.05  -130.63   106.42
2023  07  07  20  04  00   230.27  -128.65   101.62
2023  07  07  20  05  00   223.25  -130.10    93.15
2023  07  07  20  06  00   221.60  -133.67    87.93
2023  07  07  20  07  00   228.06  -143.63    84.42
2023  07  07  20  08  00   252.75  -159.66    93.08
2023  07  07  20  09  00   258.60  -166.82    91.78
2023  07  07  20  10  00   257.19  -166.90    90.29
2023  07  07  20  11  00   248.62  -161.99    86.63
2023  07  07  20  12  00   246.51  -160.28    86.23
2023  07  07  20  13  00   246.15  -155.81    90.33
2023  07  07  20  14  00   234.84  -142.16    92.68
2023  07  07  20  15  00   229.83  -135.57    94.27
2023  07  07  20  16  00   229.81  -130.68    99.13
2023  07  07  20  17  00   231.10  -126.98   104.12
2023  07  07  20  18  00   231.05  -123.45   107.60
2023  07  07  20  19  00   232.48  -121.13   111.35
2023  07  07  20  20  00   239.89  -121.87   118.02
2023  07  07  20  21  00   244.28  -124.53   119.75
2023  07  07  20  22  00   245.69  -125.04   120.65
2023  07  07  20  23  00   253.53  -133.15   120.37
2023  07  07  20  24  00   247.06  -132.18   114.88
2023  07  07  20  25  00   243.74  -127.65   116.10
2023  07  07  20  26  00   233.74  -117.20   116.55
2023  07  07  20  27  00   225.46  -111.11   114.35
2023  07  07  20  28  00   220.45  -106.05   114.40
2023  07  07  20  29  00   213.98  -101.04   112.94
2023  07  07  20  30  00   209.59   -97.08   112.51
2023  07  07  20  31  00   201.85   -90.50   111.35
2023  07  07  20  32  00   188.74   -78.45   110.29
2023  07  07  20  33  00   179.56   -69.57   109.99
2023  07  07  20  34  00   166.37   -53.32   113.05
2023  07  07  20  35  00   176.82   -59.90   116.92
2023  07  07  20  36  00   181.02   -64.17   116.85
2023  07  07  20  37  00   176.73   -63.98   112.75
2023  07  07  20  38  00   173.85   -62.44   111.41
2023  07  07  20  39  00   186.01   -69.71   116.30
2023  07  07  20  40  00   182.19   -66.40   115.78
2023  07  07  20  41  00   160.12   -49.19   110.93
2023  07  07  20  42  00   147.01   -40.66   106.36
2023  07  07  20  43  00   148.04   -45.57   102.47
2023  07  07  20  44  00   142.23   -39.98   102.25
2023  07  07  20  45  00   141.66   -37.85   103.81
2023  07  07  20  46  00   150.40   -46.88   103.52
2023  07  07  20  47  00   167.86   -66.15   101.71
2023  07  07  20  48  00   170.09   -65.72   104.37
2023  07  07  20  49  00   171.95   -58.53   113.42
2023  07  07  20  50  00   173.49   -48.55   124.94
2023  07  07  20  51  00   197.05   -67.60   129.45
2023  07  07  20  52  00   203.29   -73.37   129.92
2023  07  07  20  53  00   190.11   -62.45   127.65
2023  07  07  20  54  00   185.13   -56.87   128.25
2023  07  07  20  55  00   188.94   -54.18   134.76
2023  07  07  20  56  00   187.03   -50.15   136.88
2023  07  07  20  57  00   179.12   -41.22   137.90
2023  07  07  20  58  00   186.46   -43.74   142.71
2023  07  07  20  59  00   193.49   -46.80   146.68
2023  07  07  21  00  00   195.84   -49.26   146.58
2023  07  07  21  01  00   202.57   -53.22   149.35
2023  07  07  21  02  00   209.61   -57.72   151.90
2023  07  07  21  03  00   217.57   -61.04   156.52
2023  07  07  21  04  00   223.19   -64.15   159.04
2023  07  07  21  05  00   227.69   -67.09   160.60
2023  07  07  21  06  00   234.25   -70.31   163.93
2023  07  07  21  07  00   239.70   -73.29   166.40
2023  07  07  21  08  00   246.60   -76.61   169.98
2023  07  07  21  09  00   252.17   -81.39   170.77
2023  07  07  21  10  00   263.74   -86.19   177.55
2023  07  07  21  11  00   268.96   -91.83   177.13
2023  07  07  21  12  00   282.10  -101.84   180.27
2023  07  07  21  13  00   294.39  -108.32   186.07
2023  07  07  21  14  00   300.24  -115.85   184.40
2023  07  07  21  15  00   312.58  -119.33   193.25
2023  07  07  21  16  00   318.66  -118.83   199.83
2023  07  07  21  17  00   313.32  -117.95   195.36
2023  07  07  21  18  00   314.31  -122.84   191.47
2023  07  07  21  19  00   312.18  -123.84   188.33
2023  07  07  21  20  00   316.13  -129.59   186.54
2023  07  07  21  21  00   323.93  -136.76   187.16
2023  07  07  21  22  00   328.16  -142.69   185.47
2023  07  07  21  23  00   330.01  -143.85   186.16
2023  07  07  21  24  00   328.19  -139.32   188.87
2023  07  07  21  25  00   333.31  -140.68   192.63
2023  07  07  21  26  00   341.56  -144.74   196.82
2023  07  07  21  27  00   337.09  -143.59   193.50
2023  07  07  21  28  00   348.90  -150.75   198.15
2023  07  07  21  29  00   347.29  -148.52   198.77
2023  07  07  21  30  00   354.47  -153.76   200.71
2023  07  07  21  31  00   356.71  -154.88   201.82
2023  07  07  21  32  00   364.89  -161.20   203.69
2023  07  07  21  33  00   372.57  -165.51   207.06
2023  07  07  21  34  00   388.56  -172.01   216.55
2023  07  07  21  35  00   404.57  -183.29   221.28
2023  07  07  21  36  00   395.71  -179.56   216.15
2023  07  07  21  37  00   396.29  -181.21   215.08
2023  07  07  21  38  00   392.23  -179.24   212.99
2023  07  07  21  39  00   406.31  -182.25   224.06
2023  07  07  21  40  00   409.82  -184.82   225.00
2023  07  07  21  41  00   409.46  -188.96   220.50
2023  07  07  21  42  00   422.60  -206.48   216.12
2023  07  07  21  43  00   476.59  -253.60   222.98
2023  07  07  21  44  00   503.93  -275.54   228.39
2023  07  07  21  45  00   577.23  -345.64   231.59
2023  07  07  21  46  00   588.83  -358.87   229.96
2023  07  07  21  47  00   601.61  -370.84   230.78
2023  07  07  21  48  00   617.90  -387.22   230.67
2023  07  07  21  49  00   637.75  -405.42   232.34
2023  07  07  21  50  00   671.21  -439.73   231.48
2023  07  07  21  51  00   645.66  -413.22   232.44
2023  07  07  21  52  00   635.53  -401.29   234.24
2023  07  07  21  53  00   670.30  -435.89   234.41
2023  07  07  21  54  00   682.20  -445.92   236.28
2023  07  07  21  55  00   740.89  -498.17   242.72
2023  07  07  21  56  00   754.24  -502.58   251.66
2023  07  07  21  57  00   808.61  -549.61   259.00
2023  07  07  21  58  00   788.03  -528.39   259.63
2023  07  07  21  59  00   786.65  -523.22   263.42
2023  07  07  22  00  00   771.27  -505.75   265.52
2023  07  07  22  01  00   762.68  -488.68   274.00
2023  07  07  22  02  00   756.69  -465.97   290.72
2023  07  07  22  03  00   761.70  -466.89   294.82
2023  07  07  22  04  00   709.52  -408.67   300.85
2023  07  07  22  05  00   736.66  -431.46   305.20
2023  07  07  22  06  00   755.38  -440.69   314.70
2023  07  07  22  07  00   784.28  -452.32   331.95
2023  07  07  22  08  00   792.52  -448.56   343.96
2023  07  07  22  09  00   812.16  -455.68   356.49
2023  07  07  22  10  00   773.55  -403.63   369.91
2023  07  07  22  11  00   789.60  -389.31   400.29
2023  07  07  22  12  00   786.13  -343.29   442.84
2023  07  07  22  13  00   807.57  -349.59   457.99
2023  07  07  22  14  00   798.40  -329.83   468.57
2023  07  07  22  15  00   784.67  -301.80   482.87
2023  07  07  22  16  00   751.51  -308.64   442.87
2023  07  07  22  17  00   762.31  -310.62   451.69
2023  07  07  22  18  00   770.30  -313.31   456.99
2023  07  07  22  19  00   774.45  -327.63   446.81
2023  07  07  22  20  00   803.56  -338.60   464.96
2023  07  07  22  21  00   794.72  -325.20   469.52
2023  07  07  22  22  00   755.20  -304.17   451.03
2023  07  07  22  23  00   734.71  -294.71   440.00
2023  07  07  22  24  00   709.47  -284.47   425.00
2023  07  07  22  25  00   686.62  -278.54   408.08
2023  07  07  22  26  00   660.52  -269.30   391.22
2023  07  07  22  27  00   643.06  -261.13   381.93
2023  07  07  22  28  00   632.35  -255.07   377.28
2023  07  07  22  29  00   645.22  -254.37   390.85
2023  07  07  22  30  00   664.92  -279.08   385.84
2023  07  07  22  31  00   661.16  -284.91   376.25
2023  07  07  22  32  00   645.42  -274.52   370.90
2023  07  07  22  33  00   671.95  -301.20   370.75
2023  07  07  22  34  00   687.32  -318.07   369.25
2023  07  07  22  35  00   712.32  -337.59   374.73
2023  07  07  22  36  00   706.56  -333.01   373.55
2023  07  07  22  37  00   702.26  -333.72   368.54
2023  07  07  22  38  00   641.34  -279.28   362.06
2023  07  07  22  39  00   617.14  -272.10   345.03
2023  07  07  22  40  00   610.31  -282.71   327.60
2023  07  07  22  41  00   606.38  -291.39   315.00
2023  07  07  22  42  00   598.65  -289.27   309.38
2023  07  07  22  43  00   608.24  -300.72   307.51
2023  07  07  22  44  00   598.09  -298.99   299.10
2023  07  07  22  45  00   586.68  -299.98   286.70
2023  07  07  22  46  00   580.40  -307.32   273.08
2023  07  07  22  47  00   587.66  -317.26   270.40
2023  07  07  22  48  00   589.94  -318.74   271.20
2023  07  07  22  49  00   585.08  -311.14   273.94
2023  07  07  22  50  00   587.59  -320.46   267.12
2023  07  07  22  51  00   592.99  -326.67   266.32
2023  07  07  22  52  00   596.83  -333.40   263.44
2023  07  07  22  53  00   604.47  -338.82   265.65
2023  07  07  22  54  00   608.07  -341.01   267.07
2023  07  07  22  55  00   603.07  -338.42   264.65
2023  07  07  22  56  00   594.32  -331.65   262.67
2023  07  07  22  57  00   587.88  -323.10   264.78
2023  07  07  22  58  00   598.81  -328.15   270.66
2023  07  07  22  59  00   582.26  -309.96   272.30
2023  07  07  23  00  00   570.19  -287.23   282.96
2023  07  07  23  01  00   558.07  -269.79   288.27
2023  07  07  23  02  00   547.01  -259.63   287.38
2023  07  07  23  03  00   529.68  -243.67   286.01
2023  07  07  23  04  00   532.01  -241.32   290.69
2023  07  07  23  05  00   527.37  -234.80   292.57
2023  07  07  23  06  00   551.67  -251.18   300.50
2023  07  07  23  07  00   580.32  -263.02   317.30
2023  07  07  23  08  00   597.73  -266.30   331.43
2023  07  07  23  09  00   615.77  -281.11   334.66
2023  07  07  23  10  00   629.37  -289.07   340.30
2023  07  07  23  11  00   649.90  -307.36   342.54
2023  07  07  23  12  00   651.54  -313.31   338.23
2023  07  07  23  13  00   631.60  -311.46   320.14
2023  07  07  23  14  00   624.39  -308.07   316.32
2023  07  07  23  15  00   617.86  -304.49   313.37
2023  07  07  23  16  00   616.27  -308.96   307.31
2023  07  07  23  17  00   627.11  -330.11   297.00
2023  07  07  23  18  00   638.75  -352.85   285.90
2023  07  07  23  19  00   657.56  -364.62   292.94
2023  07  07  23  20  00   664.43  -371.81   292.62
2023  07  07  23  21  00   668.66  -382.00   286.66
2023  07  07  23  22  00   685.82  -400.16   285.66
2023  07  07  23  23  00   679.90  -396.76   283.15
2023  07  07  23  24  00   670.05  -381.14   288.91
2023  07  07  23  25  00   654.46  -365.01   289.44
2023  07  07  23  26  00   598.72  -330.52   268.20
2023  07  07  23  27  00   576.93  -331.27   245.66
2023  07  07  23  28  00   571.83  -341.79   230.03
2023  07  07  23  29  00   589.91  -354.40   235.50
2023  07  07  23  30  00   578.66  -344.00   234.66
2023  07  07  23  31  00   561.43  -330.53   230.91
2023  07  07  23  32  00   547.94  -319.23   228.71
2023  07  07  23  33  00   544.25  -314.75   229.51
2023  07  07  23  34  00   535.97  -306.86   229.11
2023  07  07  23  35  00   533.86  -306.66   227.20
2023  07  07  23  36  00   532.94  -307.83   225.11
2023  07  07  23  37  00   528.65  -306.02   222.63
2023  07  07  23  38  00   532.54  -308.12   224.42
2023  07  07  23  39  00   543.87  -319.88   223.99
2023  07  07  23  40  00   565.49  -338.37   227.13
2023  07  07  23  41  00   563.61  -333.73   229.88
2023  07  07  23  42  00   560.27  -325.26   235.01
2023  07  07  23  43  00   556.84  -313.85   242.99
2023  07  07  23  44  00   555.94  -300.80   255.14
2023  07  07  23  45  00   539.92  -285.62   254.31
2023  07  07  23  46  00   535.97  -281.58   254.39
2023  07  07  23  47  00   560.97  -301.22   259.75
2023  07  07  23  48  00   573.40  -312.42   260.98
2023  07  07  23  49  00   585.35  -325.35   260.00
2023  07  07  23  50  00   588.17  -331.41   256.76
2023  07  07  23  51  00   582.60  -321.09   261.50
2023  07  07  23  52  00   575.28  -311.34   263.94
2023  07  07  23  53  00   568.97  -305.89   263.08
2023  07  07  23  54  00   558.50  -299.57   258.93
2023  07  07  23  55  00   542.14  -293.16   248.99
2023  07  07  23  56  00   522.67  -281.56   241.11
2023  07  07  23  57  00   510.30  -271.66   238.64
2023  07  07  23  58  00   496.65  -265.48   231.17
2023  07  07  23  59  00   483.67  -262.13   221.54
